40 83.0222
160 83.5389
200 83.5944
320 83.75
440 84.0056
480 84.0389
560 84.1778
600 84.2056
640 84.2611
800 84.7333
960 84.8889
1040 84.95
1080 84.9944
1120 85.0722
1240 85.3611
1280 85.45
1320 85.4889
1520 85.8333
1720 86.1722
1880 86.3833
2040 86.55
2120 86.6667
2160 86.7222
2240 86.8556
2280 86.9389
2320 86.9944
2360 87.0333
2440 87.2444
2480 87.3278
2520 87.3944
2560 87.4667
2600 87.5611
2640 87.6111
2680 87.6556
2720 87.6944
2760 87.7556
2800 87.8056
2920 87.9778
2960 88.0111
3200 88.35
3240 88.4222
3280 88.5111
3400 88.7889
3440 88.8556
3480 88.9
3560 88.9889
3640 89.1111
3760 89.2889
3880 89.3944
3920 89.4833
4120 89.75
4160 89.8278
4240 89.95
4400 90.1611
4560 90.3278
4840 90.6778
4960 90.7667
5040 90.9444
5120 91.1056
5160 91.1444
5200 91.2
5240 91.2389
5280 91.2667
5520 91.5222
5680 91.6722
5720 91.6889
5760 91.7111
5840 91.8111
5880 91.8722
6000 92.0833
6080 92.1722
6120 92.2056
6200 92.2833
6360 92.4167
6480 92.5611
6560 92.6167
6680 92.7667
6720 92.8444
6840 92.95
6880 92.9722
6920 92.9833
7000 93.0556
7040 93.0778
7120 93.1667
7320 93.3222
7360 93.35
7400 93.3556
7440 93.3889
7520 93.4833
7600 93.5444
7640 93.5722
7680 93.5944
7880 93.75
7960 93.8444
8080 93.8833
8120 93.8889
8160 93.9444
8200 93.9611
8280 93.9833
8320 93.9889
8400 94.0222
8440 94.0389
8480 94.05
8520 94.0889
8640 94.1889
8680 94.2056
8720 94.2222
8760 94.2222
8800 94.2389
8840 94.2444
8880 94.2556
8920 94.2611
8960 94.2667
9000 94.2944
9040 94.3056
9080 94.3167
9120 94.3389
9160 94.3722
9200 94.4167
9280 94.4556
9320 94.4611
9360 94.4722
9400 94.4833
9440 94.4833
9480 94.5056
9520 94.5167
9560 94.5167
9640 94.5278
9680 94.5333
9720 94.5333
9760 94.5389
9840 94.5833
9920 94.6111
9960 94.6222
10000 94.6222
10040 94.6222
10080 94.6278
10120 94.6278
10160 94.6278
10200 94.6278
10240 94.6278
10280 94.6333
10320 94.6333
10360 94.6389
10400 94.65
10440 94.6556
10480 94.6556
10520 94.6556
10600 94.6611
10640 94.6611
10680 94.6722
10720 94.6722
10760 94.6722
10800 94.6722
10840 94.6722
10880 94.6778
10920 94.6778
10960 94.6944
11000 94.7111
11040 94.7111
11080 94.7111
11120 94.7111
11160 94.7111
11200 94.7111
11240 94.7167
11280 94.7167
11320 94.7167
11360 94.7167
11400 94.7167
11440 94.7167
11480 94.7167
11520 94.7278
11560 94.7278
11600 94.7278
11640 94.7278
11680 94.7278
11720 94.7278
11760 94.7278
11800 94.7278
11840 94.7278
11880 94.7278
11920 94.7278
11960 94.7278
12000 94.7278
12040 94.7278
12080 94.7278
12120 94.7278
12160 94.7278
12200 94.7278
12240 94.7278
12280 94.7278
12320 94.7278
12360 94.7278
