LibSVM - GAUSSIAN:
Number of Support Vectors: 1344
Indices of Support Vectors: [   3   11   15   19   27   44   49   55   56   64   67   73   74   80
   90   92   93  100  106  107  110  114  136  138  150  165  170  173
  175  180  197  200  210  218  225  231  234  236  239  242  246  261
  262  268  273  280  291  296  300  321  324  332  334  335  341  344
  345  352  376  377  384  387  406  414  420  421  423  425  437  455
  456  459  460  461  462  464  465  466  469  473  476  489  491  492
  506  508  514  518  522  523  529  532  535  550  551  552  555  559
  563  566  568  569  571  573  576  588  606  609  612  617  620  625
  654  655  660  661  675  680  684  687  690  700  704  707  709  713
  715  733  741  743  745  746  754  755  760  762  765  777  787  789
  795  805  810  823  825  832  834  840  845  850  853  868  873  879
  893  904  906  909  912  925  938  942  943  947  952  954  958  960
  967  972  984  988  997 1000 1016 1017 1021 1025 1028 1033 1038 1039
 1041 1044 1049 1055 1061 1077 1085 1088 1102 1111 1114 1121 1122 1128
 1129 1137 1138 1155 1156 1182 1184 1188 1195 1202 1205 1206 1212 1223
 1231 1236 1237 1253 1258 1260 1271 1276 1282 1284 1286 1288 1292 1297
 1298 1303 1304 1305 1319 1328 1335 1337 1342 1348 1351 1357 1358 1359
 1364 1377 1380 1382 1385 1393 1401 1422 1423 1430 1431 1432 1458 1477
 1487 1488 1490 1492 1496 1497 1498 1501 1502 1507 1521 1524 1533 1534
 1535 1541 1546 1550 1554 1563 1569 1574 1578 1580 1586 1593 1606 1614
 1615 1622 1646 1648 1674 1677 1684 1687 1720 1721 1726 1737 1742 1753
 1756 1758 1759 1761 1762 1763 1767 1795 1796 1804 1812 1817 1823 1825
 1832 1837 1841 1848 1863 1869 1882 1887 1889 1896 1898 1905 1932 1950
 1951 1953 1955 1956 1960 1965 1968 1972 1982 1993 1997 1999 2000 2008
 2011 2012 2018 2019 2028 2035 2036 2042 2043 2051 2054 2067 2084 2090
 2094 2098 2115 2120 2131 2136 2140 2142 2145 2150 2152 2164 2170 2174
 2175 2182 2183 2184 2190 2193 2214 2216 2217 2228 2234 2238 2239 2244
 2246 2290 2298 2301 2309 2313 2315 2321 2324 2333 2343 2371 2373 2380
 2385 2389 2390 2391 2400 2402 2421 2423 2426 2441 2446 2452 2460 2461
 2462 2471 2489 2490 2491 2501 2506 2510 2515 2517 2520 2524 2527 2531
 2535 2536 2539 2541 2547 2549 2554 2555 2562 2567 2581 2584 2589 2590
 2600 2608 2614 2621 2630 2631 2638 2646 2647 2648 2653 2659 2662 2663
 2664 2665 2666 2673 2685 2689 2694 2695 2696 2697 2704 2707 2709 2711
 2719 2725 2729 2739 2741 2749 2751 2754 2755 2769 2772 2775 2788 2791
 2793 2795 2812 2823 2827 2834 2836 2837 2838 2843 2845 2850 2860 2865
 2868 2874 2886 2893 2900 2903 2909 2911 2914 2922 2924 2927 2928 2954
 2960 2969 2970 2976 2981 2995 2996 3002 3008 3009 3030 3035 3039 3045
 3050 3054 3057 3072 3077 3080 3084 3089 3101 3106 3110 3117 3120 3123
 3129 3135 3150 3161 3162 3171 3179 3187 3189 3192 3198 3203 3207 3214
 3219 3220 3223 3224 3229 3234 3240 3242 3253 3277 3281 3284 3288 3293
 3295 3301 3318 3327 3328 3334 3341 3352 3354 3355 3358 3360 3377 3386
 3405 3409 3411 3416 3417 3433 3439 3451 3456 3457 3460 3466 3468 3469
 3470 3472 3483 3484 3497 3498 3501 3504 3509 3512 3513 3520 3523 3529
 3533 3543 3551 3557 3559 3561 3562 3567 3574 3576 3578 3587 3590 3622
 3624 3625 3628 3643 3652 3676 3685 3690 3692 3697 3706 3716 3737 3738
 3740 3742 3758 3759 3763 3764 3767 3787 3788 3791 3794 3797 3812 3813
 3815 3816 3818 3819 3822 3823 3825 3826 3830 3841 3842 3849 3850 3856
 3864 3868 3878 3886 3888 3891 3894 3896 3897 3899 3911 3913 3915 3917
 3920 3921 3923 3930 3935 3940 3945 3946 3950 3953 3954 3959 3965 3973
 3987 3990 3995 3998    1    2    4    7    9   13   23   28   32   33
   36   41   43   58   63   68   71   76   77   84   85   99  104  109
  111  118  124  141  147  156  159  168  172  181  186  189  192  201
  202  207  212  220  230  233  237  238  241  244  251  252  255  265
  269  271  281  289  295  308  309  316  318  322  356  360  361  363
  364  372  379  390  394  397  410  412  417  419  424  431  434  438
  442  450  451  458  463  472  478  487  494  503  536  541  549  558
  560  561  564  587  591  603  610  611  613  614  619  623  629  632
  639  646  653  658  666  668  685  689  691  692  698  703  708  710
  712  718  720  722  723  724  734  737  739  740  748  749  771  772
  778  788  790  796  797  798  807  816  820  821  829  830  831  842
  843  844  848  849  856  859  863  874  875  876  880  882  883  886
  894  896  898  901  902  914  918  929  933  940  945  953  956  963
  965  990  995 1007 1009 1020 1031 1032 1035 1048 1052 1056 1064 1065
 1068 1072 1076 1078 1081 1087 1093 1096 1098 1104 1107 1108 1120 1133
 1140 1144 1147 1149 1165 1168 1176 1181 1186 1194 1196 1217 1226 1233
 1242 1247 1251 1256 1259 1274 1281 1283 1289 1290 1296 1306 1320 1323
 1326 1333 1341 1343 1350 1352 1360 1363 1368 1375 1388 1399 1404 1407
 1409 1421 1425 1427 1437 1438 1442 1446 1451 1457 1462 1474 1495 1512
 1519 1520 1525 1530 1532 1545 1548 1553 1555 1562 1573 1577 1581 1582
 1583 1590 1591 1598 1616 1619 1636 1638 1645 1660 1661 1678 1682 1685
 1686 1690 1700 1712 1713 1714 1715 1717 1723 1740 1743 1747 1764 1765
 1766 1769 1772 1778 1785 1787 1788 1790 1791 1798 1803 1810 1835 1836
 1839 1840 1849 1855 1860 1864 1866 1872 1876 1877 1881 1884 1897 1908
 1918 1921 1922 1928 1943 1944 1948 1952 1959 1961 1969 1970 1976 1980
 1989 1990 1995 2006 2010 2015 2021 2029 2030 2031 2034 2040 2060 2061
 2074 2076 2077 2078 2088 2105 2111 2118 2119 2125 2129 2130 2157 2161
 2167 2171 2179 2197 2200 2209 2210 2213 2215 2220 2222 2224 2233 2237
 2243 2245 2251 2255 2266 2267 2273 2276 2280 2282 2291 2295 2304 2312
 2318 2340 2347 2350 2353 2357 2360 2366 2370 2372 2379 2384 2393 2412
 2413 2448 2458 2464 2466 2476 2483 2498 2503 2509 2533 2542 2552 2556
 2566 2574 2577 2587 2598 2602 2604 2610 2617 2619 2620 2636 2637 2652
 2655 2671 2683 2691 2693 2701 2703 2712 2721 2722 2723 2726 2727 2745
 2757 2777 2779 2783 2792 2794 2797 2800 2819 2830 2833 2840 2841 2851
 2857 2861 2871 2873 2880 2887 2889 2890 2891 2892 2894 2898 2913 2919
 2920 2923 2934 2937 2939 2940 2941 2944 2945 2951 2957 2975 2983 2986
 2997 3001 3004 3016 3020 3023 3024 3028 3029 3031 3038 3053 3055 3058
 3059 3060 3064 3067 3071 3082 3092 3095 3096 3099 3111 3114 3115 3121
 3132 3148 3160 3165 3172 3177 3182 3204 3205 3226 3237 3238 3243 3244
 3246 3256 3269 3272 3276 3291 3297 3309 3310 3311 3317 3321 3325 3339
 3350 3364 3379 3381 3385 3395 3406 3412 3427 3428 3429 3436 3442 3444
 3447 3448 3450 3453 3455 3462 3474 3481 3514 3515 3531 3532 3545 3554
 3555 3563 3575 3577 3592 3599 3608 3610 3611 3613 3619 3630 3639 3649
 3656 3660 3665 3666 3671 3675 3681 3684 3686 3699 3700 3717 3718 3720
 3729 3732 3734 3736 3751 3753 3761 3769 3771 3780 3785 3792 3800 3803
 3810 3814 3837 3845 3847 3852 3854 3855 3857 3858 3861 3865 3867 3889
 3895 3910 3916 3925 3941 3962 3963 3967 3969 3977 3982 3985 3988 3999]
Bias: -1.464313350289908
Training Time: 8.310272216796875
Accuracy: 99.8995983935743
