iteration no: 0
loss: 1.3843810299693837
loss difference: 1.3843810299693837
Train Accuracy: 42.379048380647745
Test Accuracy: 42.2498

converged
cur_loss: 0.9847664137323372
prev_loss: 0.984766445141299
loss difference: 3.140896176478947e-08
Train Accuracy: 49.98000799680128
Training Time: 9.528992414474487
Test Accuracy: 50.12520000000001
Confusion Matrix:
[[500963    246      0      0      0      0      0      0      0      0]
 [422209    289      0      0      0      0      0      0      0      0]
 [ 47584     38      0      0      0      0      0      0      0      0]
 [ 21095     26      0      0      0      0      0      0      0      0]
 [  3881      4      0      0      0      0      0      0      0      0]
 [  1996      0      0      0      0      0      0      0      0      0]
 [  1422      2      0      0      0      0      0      0      0      0]
 [   230      0      0      0      0      0      0      0      0      0]
 [    12      0      0      0      0      0      0      0      0      0]
 [     3      0      0      0      0      0      0      0      0      0]]
