
converged
cur_loss: 0.5577889030500923
prev_loss: 0.5577889369954074
loss difference: 3.394531511435872e-08
Train Accuracy: 79.47221111555378
Training Time: 24.186728477478027
Test Accuracy: 77.62219999999999
Confusion Matrix:
[[451972  48998      0      0      0    239      0      0      0      0]
 [107168 313517   1499      0      0    314      0      0      0      0]
 [  1496  35556  10569      0      0      1      0      0      0      0]
 [  2552  17074   1495      0      0      0      0      0      0      0]
 [  2506   1379      0      0      0      0      0      0      0      0]
 [  1732    100      0      0      0    164      0      0      0      0]
 [     3    930    491      0      0      0      0      0      0      0]
 [     4    195     31      0      0      0      0      0      0      0]
 [     7      3      0      0      0      2      0      0      0      0]
 [     3      0      0      0      0      0      0      0      0      0]]
