True Prediction
[12493 10599  1206   513    93    54    36     6     5     5]
iter:  0 

[16191  7795   575   317    41    20    17    18    21    15]
11605 Loss :  1.8040719449798515
iter:  50 

[23758  1234     0    13     1     1     2     0     1     0]
12823 Loss :  0.9917801492035179
iter:  100 

[21438  3547     3    19     0     0     2     0     1     0]
13912 Loss :  0.9244056975820316
iter:  150 

[17087  7867    18    36     0     1     1     0     0     0]
16619 Loss :  0.7652914778273141
iter:  200 

[14426 10417    66    95     0     5     1     0     0     0]
20082 Loss :  0.5334976362271017
iter:  250 

[13074 11538   202   188     1     5     0     1     1     0]
22449 Loss :  0.3440284573783665
iter:  300 

[12717 11557   446   272     3    14     0     0     1     0]
23345 Loss :  0.2434504067675105
iter:  350 

[12633 11384   633   327     9    22     0     0     2     0]
23749 Loss :  0.1897046969933059
iter:  400 

[12620 11171   807   366    13    30     0     0     2     1]
24031 Loss :  0.15410879315231535
iter:  450 

[12607 11038   918   391    17    35     0     0     2     2]
24204 Loss :  0.1286982182189714
iter:  500 

[12583 10944   997   414    28    38     1     0     2     3]
24362 Loss :  0.10956560679642456
iter:  550 

[12569 10855  1071   429    38    40     2     0     2     4]
24494 Loss :  0.09444814853147744
