iter:  50 

[24893   119     0     0     0     0     0     0     0     0]
12529 Loss :  0.9910246822390067
iter:  100 

[23725  1287     0     0     0     0     0     0     0     0]
12789 Loss :  0.97612036911807
iter:  150 

[19064  5946     3     0     0     0     0     0     0     0]
13541 Loss :  0.9491466800200883
iter:  200 

[15591  9417     5     0     0     0     0     0     0     0]
14780 Loss :  0.8944862166135159
iter:  250 

[14830 10163    13     8     0     0     0     0     0     0]
16467 Loss :  0.8055221967307012
iter:  300 

[13951 11003    35    25     0     0     0     0     0     0]
18381 Loss :  0.6767210747933607
iter:  350 

[13790 11075   103    46     0     0     0     0     0     0]
20278 Loss :  0.5216939240183532
iter:  400 

[13368 11239   304   103     0     0     0     0     0     0]
22058 Loss :  0.36322533931929224
iter:  450 

[12712 11542   584   174     2     2     0     0     0     0]
23346 Loss :  0.2395118277899328
