iter:  50 

[24224   788     0     0     0     0     0     0     0     0]
12683 Loss :  0.9850529689241734
iter:  100 

[22982  2028     3     0     0     0     0     0     0     0]
13206 Loss :  0.9637076305437693
iter:  150 

[21091  3915     7     0     0     0     0     0     0     0]
13904 Loss :  0.9257261285220516
iter:  200 

[15704  9303     6     0     0     0     0     0     0     0]
14911 Loss :  0.8795011740226124
iter:  250 

[13689 11305    19     0     0     0     0     0     0     0]
16329 Loss :  0.801655700485931
iter:  300 

[13775 11185    53     0     0     0     0     0     0     0]
17977 Loss :  0.6988345765999872
iter:  350 

[14303 10549   158     3     0     2     0     0     0     0]
19584 Loss :  0.5843430243277179
iter:  400 

[13251 11474   284     3     0     3     0     0     0     0]
21255 Loss :  0.45107484543946064
iter:  450 

[12734 11664   608     5     0     4     0     0     0     0]
22932 Loss :  0.30906713911789063
iter:  500 

[12624 11453   930     4     0     4     0     0     0     0]
23758 Loss :  0.2240773750074728
iter:  550 

[12579 11311  1106    14     0     5     0     0     0     0]
24130 Loss :  0.17840024176524746
iter:  600 

[12561 11241  1164    42     0     7     0     0     0     0]
24251 Loss :  0.14967995381989793
iter:  650 

[12555 11161  1190   100     2     8     0     0     0     0]
24341 Loss :  0.12874032422852075
iter:  700 

[12547 11083  1195   176     4    11     0     0     0     0]
24428 Loss :  0.11089630673751448
iter:  750 

[12536 10985  1200   269     8    18     0     0     0     0]
24524 Loss :  0.09495090983564869
iter:  800 

[12530 10886  1201   361    15    21     3     0     0     0]
24641 Loss :  0.08063206531144827
iter:  850 

[12522 10825  1202   416    19    28     5     0     0     0]
24716 Loss :  0.06800530336383362
iter:  900 

[12516 10770  1207   462    28    29     5     0     0     0]
24774 Loss :  0.05749985041838381
iter:  950 

[12509 10737  1205   488    37    35     6     0     0     0]
24821 Loss :  0.04911612491793883
iter:  1000 

[12503 10712  1202   504    49    38     9     0     0     0]
24853 Loss :  0.04250529731623717
iter:  1050 

[12499 10702  1201   511    53    42     9     0     0     0]
24872 Loss :  0.03718334768895866
iter:  1100 

[12497 10690  1201   515    57    45    12     0     0     0]
24886 Loss :  0.03283049707113561
iter:  1150 

[12496 10677  1201   520    63    46    14     0     0     0]
24899 Loss :  0.02918170383217187
iter:  1200 

[12496 10659  1202   521    74    48    16     2     0     0]
24917 Loss :  0.02608816215203286
iter:  1250 

[12496 10650  1202   523    80    48    17     2     0     0]
24926 Loss :  0.023459795266887944
iter:  1300 

[12494 10646  1201   524    83    50    18     2     0     0]
24931 Loss :  0.021199465172882303
iter:  1350 

[12494 10636  1201   526    86    53    18     4     0     0]
24943 Loss :  0.019225686680489476
iter:  1400 

[12495 10632  1201   528    86    53    18     4     0     2]
24948 Loss :  0.017510643251943986
iter:  1450 

[12495 10627  1201   529    87    54    20     4     0     2]
24953 Loss :  0.016004235119552762
iter:  1500 

[12494 10625  1202   524    90    56    22     4     0     2]
24959 Loss :  0.014657208534129988
iter:  1550 

[12494 10619  1206   522    93    55    22     5     0     3]
24971 Loss :  0.013482089302992276
iter:  1600 

[12494 10616  1208   521    94    55    23     5     0     3]
24974 Loss :  0.012463044486232783
iter:  1650 

[12494 10612  1210   520    94    55    25     5     2     3]
24979 Loss :  0.011568571308172654
iter:  1700 

[12494 10611  1209   521    94    55    26     5     2     3]
24981 Loss :  0.010775518643340998
iter:  1750 

[12494 10608  1209   520    96    54    28     5     3     3]
24986 Loss :  0.01006433394794126
iter:  1800 

[12494 10608  1208   520    94    54    29     5     5     3]
24989 Loss :  0.00941415325143169
iter:  1850 

[12494 10607  1208   520    95    53    29     5     5     4]
24991 Loss :  0.008807421781749276
iter:  1900 

[12494 10606  1208   519    95    53    29     6     5     5]
24995 Loss :  0.008264450407474975
iter:  1950 

[12494 10606  1208   518    94    53    30     6     5     6]
24997 Loss :  0.007775417462081279
