Accuracy: 99.49799196787149

Number of Support Vectors: 134

Bias: [-414.466122]

Indices of Support Vectors: 
[  64   93  114  165  341  473  535  654  680  741  762  787  845 1055
 1155 1212 1357 1677 1753 1968 2012 2019 2145 2150 2234 2246 2490 2520
 2647 2666 2689 2769 2834 2850 2868 2922 3008 3039 3054 3101 3150 3189
 3192 3295 3460 3468 3497 3523 3527 3578 3624 3690 3740 3742    7   43
   77   84  159  212  307  309  351  549  614  718  771  807  914 1032
 1147 1274 1343 1363 1375 1427 1460 1525 1548 1573 1618 1660 1765 1839
 1870 1877 1884 1921 1944 1959 1969 1980 2029 2040 2111 2119 2121 2157
 2222 2273 2282 2296 2307 2340 2370 2464 2542 2552 2598 2637 2722 2923
 2994 3023 3111 3166 3269 3291 3321 3381 3540 3599 3608 3671 3686 3753
 3761 3769 3780 3800 3889 3936 3969 3985]

Weights: 
[[0.      ]
 [0.      ]
 [0.      ]
 [0.      ]
 [0.      ]
 [0.      ]
 [0.      ]
 [0.      ]
 [0.      ]
 [0.      ]
 [0.      ]
 [0.      ]
 [0.      ]
 [0.      ]
 [0.      ]
 [0.      ]
 [0.      ]
 [0.      ]
 [0.      ]
 [0.      ]
 [0.      ]
 [0.      ]
 [0.      ]
 [0.      ]
 [0.      ]
 [0.      ]
 [0.      ]
 [0.      ]
 [0.      ]
 [0.      ]
 [0.      ]
 [0.      ]
 [0.      ]
 [0.      ]
 [0.      ]
 [0.      ]
 [0.      ]
 [0.      ]
 [0.      ]
 [0.      ]
 [0.      ]
 [0.      ]
 [0.      ]
 [0.      ]
 [0.      ]
 [0.      ]
 [0.      ]
 [0.      ]
 [0.      ]
 [0.      ]
 [0.      ]
 [0.      ]
 [0.      ]
 [0.      ]
 [0.      ]
 [0.      ]
 [0.      ]
 [0.      ]
 [0.      ]
 [0.      ]
 [0.      ]
 [0.      ]
 [0.      ]
 [0.      ]
 [0.      ]
 [0.      ]
 [0.      ]
 [0.      ]
 [0.      ]
 [0.      ]
 [0.      ]
 [0.      ]
 [0.      ]
 [0.      ]
 [0.      ]
 [0.      ]
 [0.      ]
 [0.      ]
 [0.      ]
 [0.      ]
 [0.      ]
 [0.      ]
 [0.      ]
 [0.      ]
 [0.      ]
 [0.      ]
 [0.      ]
 [0.      ]
 [0.      ]
 [0.      ]
 [0.      ]
 [0.011619]
 [0.058722]
 [0.005652]
 [0.      ]
 [0.      ]
 [0.      ]
 [0.011216]
 [0.16671 ]
 [0.337247]
 [0.196006]
 [0.026546]
 [0.018603]
 [0.077296]
 [0.114756]
 [0.174346]
 [0.119229]
 [0.034049]
 [0.      ]
 [0.      ]
 [0.      ]
 [0.      ]
 [0.      ]
 [0.      ]
 [0.      ]
 [0.      ]
 [0.      ]
 [0.      ]
 [0.000828]
 [0.107874]
 [0.09369 ]
 [0.030265]
 [0.033486]
 [0.132069]
 [0.301917]
 [0.530516]
 [0.897608]
 [0.784645]
 [0.705112]
 [0.481981]
 [0.268288]
 [0.199788]
 [0.425242]
 [0.483211]
 [0.413357]
 [0.07824 ]
 [0.      ]
 [0.      ]
 [0.      ]
 [0.      ]
 [0.      ]
 [0.      ]
 [0.      ]
 [0.      ]
 [0.003182]
 [0.018684]
 [0.588989]
 [1.079611]
 [0.829816]
 [0.686789]
 [0.650685]
 [0.962561]
 [1.735115]
 [2.676714]
 [2.433492]
 [2.728122]
 [2.978768]
 [2.292848]
 [1.482682]
 [1.187564]
 [1.049458]
 [0.838679]
 [0.981755]
 [0.610744]
 [0.091387]
 [0.      ]
 [0.      ]
 [0.      ]
 [0.      ]
 [0.      ]
 [0.      ]
 [0.      ]
 [0.007061]
 [0.304788]
 [1.00326 ]
 [1.683167]
 [1.390598]
 [1.23907 ]
 [2.017089]
 [2.201153]
 [3.677453]
 [5.071419]
 [4.795025]
 [4.597056]
 [5.315069]
 [4.619097]
 [3.260586]
 [2.023625]
 [1.722358]
 [1.45817 ]
 [0.871003]
 [0.296609]
 [0.415481]
 [0.093856]
 [0.      ]
 [0.      ]
 [0.      ]
 [0.      ]
 [0.      ]
 [0.      ]
 [0.043455]
 [0.432213]
 [1.059203]
 [1.790682]
 [2.220249]
 [2.043506]
 [3.090713]
 [4.236299]
 [4.774381]
 [5.245715]
 [5.198696]
 [5.04823 ]
 [5.596037]
 [5.409182]
 [4.162179]
 [3.07006 ]
 [2.281604]
 [1.480248]
 [0.830933]
 [0.527829]
 [0.311614]
 [0.016156]
 [0.      ]
 [0.      ]
 [0.      ]
 [0.      ]
 [0.003662]
 [0.021465]
 [0.131807]
 [0.323648]
 [1.233103]
 [2.143415]
 [2.636195]
 [2.875973]
 [3.891168]
 [4.867541]
 [4.916477]
 [5.067281]
 [4.968565]
 [5.811754]
 [5.882989]
 [5.243331]
 [4.2212  ]
 [3.561378]
 [2.414305]
 [1.390665]
 [0.972802]
 [0.483136]
 [0.084415]
 [0.      ]
 [0.      ]
 [0.      ]
 [0.      ]
 [0.      ]
 [0.021465]
 [0.025081]
 [0.14103 ]
 [0.55878 ]
 [1.291962]
 [2.027921]
 [2.592253]
 [3.670953]
 [4.516278]
 [4.958566]
 [5.127736]
 [5.017355]
 [5.165649]
 [5.556438]
 [5.832798]
 [5.558301]
 [4.94513 ]
 [4.224675]
 [2.530927]
 [1.488468]
 [0.893294]
 [0.1666  ]
 [0.      ]
 [0.      ]
 [0.      ]
 [0.      ]
 [0.      ]
 [0.      ]
 [0.      ]
 [0.165582]
 [0.397839]
 [1.070369]
 [1.57119 ]
 [2.171194]
 [2.605252]
 [3.975981]
 [4.209096]
 [4.785548]
 [5.261505]
 [4.848475]
 [4.85429 ]
 [5.604184]
 [6.226107]
 [6.330742]
 [5.723028]
 [4.147168]
 [2.434225]
 [1.105129]
 [0.303586]
 [0.024408]
 [0.      ]
 [0.      ]
 [0.      ]
 [0.      ]
 [0.      ]
 [0.      ]
 [0.      ]
 [0.28771 ]
 [0.662554]
 [1.101055]
 [1.622394]
 [2.208738]
 [2.787055]
 [3.501915]
 [4.289597]
 [4.866432]
 [5.085844]
 [4.933672]
 [5.263244]
 [6.505369]
 [7.39349 ]
 [6.922989]
 [6.069612]
 [3.859917]
 [1.815652]
 [0.544516]
 [0.048038]
 [0.001717]
 [0.      ]
 [0.      ]
 [0.      ]
 [0.      ]
 [0.      ]
 [0.      ]
 [0.      ]
 [0.175205]
 [0.436471]
 [0.942645]
 [1.510843]
 [2.688958]
 [3.213058]
 [4.189262]
 [4.940493]
 [5.283058]
 [5.442813]
 [5.553054]
 [6.055969]
 [7.336627]
 [8.149324]
 [7.674707]
 [5.699441]
 [3.17605 ]
 [1.484188]
 [0.326125]
 [0.064552]
 [0.      ]
 [0.00081 ]
 [0.      ]
 [0.      ]
 [0.      ]
 [0.      ]
 [0.      ]
 [0.      ]
 [0.069886]
 [0.427755]
 [0.850541]
 [1.760002]
 [2.76137 ]
 [3.663105]
 [4.256862]
 [5.212373]
 [6.328946]
 [6.375304]
 [5.900503]
 [6.802756]
 [8.089567]
 [8.639179]
 [7.300639]
 [5.312886]
 [3.35463 ]
 [1.632088]
 [0.62575 ]
 [0.095485]
 [0.004942]
 [0.009101]
 [0.      ]
 [0.      ]
 [0.      ]
 [0.      ]
 [0.      ]
 [0.      ]
 [0.022709]
 [0.285552]
 [0.759135]
 [1.873784]
 [2.697401]
 [3.770545]
 [4.165746]
 [4.848883]
 [5.982393]
 [6.381264]
 [6.55773 ]
 [7.987831]
 [9.487655]
 [9.269094]
 [6.431447]
 [4.685316]
 [3.155777]
 [2.089182]
 [1.01517 ]
 [0.349279]
 [0.088494]
 [0.009349]
 [0.      ]
 [0.      ]
 [0.      ]
 [0.      ]
 [0.      ]
 [0.      ]
 [0.068236]
 [0.374538]
 [1.136855]
 [1.562867]
 [2.378133]
 [2.746374]
 [3.514304]
 [4.40786 ]
 [4.830355]
 [5.475682]
 [6.656133]
 [8.281265]
 [8.906628]
 [7.924326]
 [6.267204]
 [4.724374]
 [3.287429]
 [2.532257]
 [1.690551]
 [0.590029]
 [0.235229]
 [0.089607]
 [0.      ]
 [0.      ]
 [0.      ]
 [0.      ]
 [0.      ]
 [0.      ]
 [0.175548]
 [0.479939]
 [1.255663]
 [1.45093 ]
 [1.755513]
 [1.871657]
 [2.534424]
 [3.166192]
 [3.928787]
 [5.041974]
 [6.045127]
 [7.421959]
 [7.118128]
 [6.776614]
 [5.943076]
 [5.315315]
 [3.469344]
 [2.771717]
 [2.224934]
 [0.922857]
 [0.363218]
 [0.136689]
 [0.      ]
 [0.      ]
 [0.      ]
 [0.      ]
 [0.      ]
 [0.000111]
 [0.142891]
 [0.476661]
 [1.446547]
 [1.746903]
 [1.731844]
 [1.606527]
 [1.98567 ]
 [1.813286]
 [3.084654]
 [4.505526]
 [5.955763]
 [6.773736]
 [6.672951]
 [6.750491]
 [6.373854]
 [4.802443]
 [3.150473]
 [2.340117]
 [1.916542]
 [0.937515]
 [0.381026]
 [0.18367 ]
 [0.      ]
 [0.      ]
 [0.      ]
 [0.      ]
 [0.      ]
 [0.005205]
 [0.15104 ]
 [0.491077]
 [1.516948]
 [1.817652]
 [1.68944 ]
 [1.627374]
 [2.011594]
 [2.100355]
 [3.375814]
 [4.547678]
 [5.76112 ]
 [6.349901]
 [6.701696]
 [6.792219]
 [5.652105]
 [4.389767]
 [3.283651]
 [2.544397]
 [1.765666]
 [0.967   ]
 [0.353142]
 [0.100374]
 [0.      ]
 [0.      ]
 [0.      ]
 [0.      ]
 [0.      ]
 [0.012181]
 [0.168399]
 [0.422666]
 [1.273009]
 [1.443672]
 [1.827003]
 [1.87713 ]
 [1.993361]
 [2.379067]
 [3.299077]
 [3.914171]
 [5.289433]
 [5.803956]
 [5.863421]
 [6.280063]
 [5.153011]
 [4.162518]
 [3.279173]
 [2.880879]
 [1.676235]
 [0.991263]
 [0.318157]
 [0.011224]
 [0.      ]
 [0.      ]
 [0.      ]
 [0.      ]
 [0.      ]
 [0.007087]
 [0.167481]
 [0.329645]
 [0.774934]
 [1.189244]
 [1.441657]
 [1.560831]
 [1.803943]
 [2.510503]
 [3.125942]
 [3.417761]
 [4.487846]
 [4.961152]
 [5.041839]
 [5.21392 ]
 [4.249627]
 [3.598225]
 [2.952817]
 [2.385611]
 [1.334063]
 [0.759904]
 [0.370976]
 [0.      ]
 [0.      ]
 [0.      ]
 [0.      ]
 [0.      ]
 [0.      ]
 [0.000166]
 [0.047746]
 [0.129097]
 [0.270389]
 [0.531782]
 [0.881413]
 [1.192809]
 [1.56759 ]
 [1.977547]
 [2.455255]
 [2.73916 ]
 [3.604442]
 [4.836431]
 [5.15322 ]
 [4.318085]
 [3.950115]
 [3.029101]
 [2.398022]
 [1.697944]
 [1.016979]
 [0.537327]
 [0.178419]
 [0.      ]
 [0.      ]
 [0.      ]
 [0.      ]
 [0.      ]
 [0.      ]
 [0.      ]
 [0.      ]
 [0.000681]
 [0.054072]
 [0.244713]
 [0.458434]
 [1.089279]
 [1.360466]
 [1.748515]
 [2.777496]
 [3.072168]
 [3.423791]
 [4.273089]
 [4.32323 ]
 [3.911907]
 [2.966899]
 [2.667192]
 [2.199375]
 [1.574984]
 [1.032798]
 [0.50473 ]
 [0.129136]
 [0.      ]
 [0.      ]
 [0.      ]
 [0.      ]
 [0.      ]
 [0.      ]
 [0.      ]
 [0.      ]
 [0.      ]
 [0.092328]
 [0.194332]
 [0.347459]
 [1.066391]
 [1.458475]
 [1.906499]
 [2.186288]
 [2.531725]
 [2.953178]
 [3.963768]
 [3.974978]
 [2.813809]
 [2.398357]
 [2.401272]
 [1.82369 ]
 [1.401599]
 [0.915729]
 [0.424742]
 [0.011974]
 [0.      ]
 [0.      ]
 [0.      ]
 [0.      ]
 [0.      ]
 [0.      ]
 [0.      ]
 [0.      ]
 [0.      ]
 [0.089525]
 [0.164293]
 [0.415998]
 [1.016769]
 [1.156123]
 [1.479032]
 [1.735163]
 [1.92211 ]
 [2.533195]
 [2.963398]
 [2.492849]
 [1.467412]
 [1.83743 ]
 [1.860173]
 [1.348122]
 [0.93664 ]
 [0.548359]
 [0.143187]
 [0.026361]
 [0.      ]
 [0.      ]
 [0.      ]
 [0.      ]
 [0.      ]
 [0.      ]
 [0.      ]
 [0.      ]
 [0.      ]
 [0.      ]
 [0.      ]
 [0.018329]
 [0.100821]
 [0.19945 ]
 [0.738141]
 [0.830427]
 [0.725938]
 [0.972051]
 [0.765501]
 [0.453145]
 [0.554838]
 [0.773366]
 [0.483167]
 [0.080631]
 [0.03754 ]
 [0.050721]
 [0.033907]
 [0.008048]
 [0.      ]
 [0.      ]
 [0.      ]
 [0.      ]
 [0.      ]
 [0.      ]
 [0.      ]
 [0.      ]
 [0.      ]
 [0.      ]
 [0.      ]
 [0.      ]
 [0.      ]
 [0.      ]
 [0.17853 ]
 [0.164511]
 [0.080099]
 [0.029159]
 [0.      ]
 [0.      ]
 [0.06518 ]
 [0.148446]
 [0.061409]
 [0.0125  ]
 [0.012006]
 [0.002668]
 [0.      ]
 [0.      ]
 [0.      ]
 [0.      ]
 [0.      ]
 [0.      ]
 [0.      ]
 [0.      ]
 [0.      ]
 [0.      ]
 [0.      ]
 [0.      ]
 [0.      ]
 [0.      ]
 [0.      ]
 [0.      ]
 [0.      ]
 [0.      ]
 [0.      ]
 [0.      ]
 [0.      ]
 [0.      ]
 [0.      ]
 [0.      ]
 [0.      ]
 [0.      ]
 [0.      ]
 [0.      ]
 [0.      ]
 [0.      ]
 [0.      ]
 [0.      ]
 [0.      ]
 [0.      ]]