LOSS :  18.598010096099735
[    7 25005     0     0     0     0     0     0     0     0]
10597 Loss :  1.2102771280848605
LOSS :  2.633082650945614
[25011     0     0     0     0     0     0     0     0     0]
12493 Loss :  1.1671504437014721
LOSS :  1.4317516593907695
[24919    93     0     0     0     0     0     0     0     0]
12507 Loss :  1.0029685027751878
LOSS :  1.4175990308354738
[24905   107     0     0     0     0     0     0     0     0]
12504 Loss :  1.0007142806873117
LOSS :  1.409753516612835
[24885   127     0     0     0     0     0     0     0     0]
12500 Loss :  0.9991811037413416
LOSS :  1.4040954548031663
[24847   165     0     0     0     0     0     0     0     0]
12499 Loss :  0.9980852341142276
LOSS :  1.399652091257795
[24801   211     0     0     0     0     0     0     0     0]
12489 Loss :  0.9973848002834417
LOSS :  1.396069776663631
[24740   272     0     0     0     0     0     0     0     0]
12473 Loss :  0.9970410484770883
LOSS :  1.3932167753947928
[24663   349     0     0     0     0     0     0     0     0]
12473 Loss :  0.9969975352739633
LOSS :  1.3910317510016008
[24588   424     0     0     0     0     0     0     0     0]
12479 Loss :  0.9971895670991184
LOSS :  1.3894027479526392
[24498   514     0     0     0     0     0     0     0     0]
12469 Loss :  0.9975449506870061
LOSS :  1.3881259819647704
[24385   627     0     0     0     0     0     0     0     0]
12474 Loss :  0.9979880103840109
LOSS :  1.386987090608577
[24258   754     0     0     0     0     0     0     0     0]
12453 Loss :  0.9984583881079548
LOSS :  1.3858536025479997
[24139   873     0     0     0     0     0     0     0     0]
12452 Loss :  0.9989265614640299
LOSS :  1.384679540737817
[24017   995     0     0     0     0     0     0     0     0]
12441 Loss :  0.9993894367339592
LOSS :  1.3834650103990862
[23886  1126     0     0     0     0     0     0     0     0]
12449 Loss :  0.9998561406235676
LOSS :  1.382234378270866
[23753  1259     0     0     0     0     0     0     0     0]
12442 Loss :  1.0003374915630177
LOSS :  1.3810363970512685
[23626  1386     0     0     0     0     0     0     0     0]
12431 Loss :  1.0008407706599363
LOSS :  1.3799385311995331
[23500  1512     0     0     0     0     0     0     0     0]
12425 Loss :  1.0013673459435262
LOSS :  1.3790005834342596
[23386  1626     0     0     0     0     0     0     0     0]
12413 Loss :  1.0019132816134335
LOSS :  1.378248424386041
[23283  1729     0     0     0     0     0     0     0     0]
12405 Loss :  1.0024728717514293
LOSS :  1.3776736924844257
[23181  1831     0     0     0     0     0     0     0     0]
12397 Loss :  1.003041940508375
