Accuracy: 99.49799196787149

Number of Support Vectors: 134

Indices of Support Vectors: 
[7, 43, 64, 77, 84, 93, 114, 159, 165, 212, 307, 309, 341, 351, 473, 535, 549, 614, 654, 680, 718, 741, 762, 771, 787, 807, 845, 914, 1032, 1055, 1147, 1155, 1212, 1274, 1343, 1357, 1363, 1375, 1427, 1460, 1525, 1548, 1573, 1618, 1660, 1677, 1753, 1765, 1839, 1870, 1877, 1884, 1921, 1944, 1959, 1968, 1969, 1980, 2012, 2019, 2029, 2040, 2111, 2119, 2121, 2145, 2150, 2157, 2222, 2234, 2246, 2273, 2282, 2296, 2307, 2340, 2370, 2464, 2490, 2520, 2542, 2552, 2598, 2637, 2647, 2666, 2689, 2722, 2769, 2834, 2850, 2868, 2922, 2923, 2994, 3008, 3023, 3039, 3054, 3101, 3111, 3150, 3166, 3189, 3192, 3269, 3291, 3295, 3321, 3381, 3460, 3468, 3497, 3523, 3527, 3540, 3578, 3599, 3608, 3624, 3671, 3686, 3690, 3740, 3742, 3753, 3761, 3769, 3780, 3800, 3889, 3936, 3969, 3985]

Bias: [0.046565]

Weights: 
[[ 0.      ]
 [ 0.      ]
 [ 0.      ]
 [ 0.      ]
 [ 0.      ]
 [ 0.      ]
 [ 0.      ]
 [ 0.      ]
 [ 0.      ]
 [ 0.      ]
 [ 0.      ]
 [ 0.      ]
 [ 0.      ]
 [ 0.      ]
 [ 0.      ]
 [ 0.      ]
 [ 0.      ]
 [ 0.      ]
 [ 0.      ]
 [ 0.      ]
 [ 0.      ]
 [ 0.      ]
 [ 0.      ]
 [ 0.      ]
 [ 0.      ]
 [ 0.      ]
 [ 0.      ]
 [ 0.      ]
 [ 0.      ]
 [ 0.      ]
 [ 0.      ]
 [ 0.      ]
 [ 0.      ]
 [ 0.      ]
 [ 0.      ]
 [ 0.      ]
 [ 0.      ]
 [ 0.      ]
 [ 0.      ]
 [ 0.      ]
 [ 0.      ]
 [ 0.      ]
 [ 0.      ]
 [ 0.      ]
 [ 0.      ]
 [ 0.      ]
 [ 0.      ]
 [ 0.      ]
 [ 0.      ]
 [ 0.      ]
 [ 0.      ]
 [ 0.      ]
 [ 0.      ]
 [ 0.      ]
 [ 0.      ]
 [ 0.      ]
 [ 0.      ]
 [ 0.      ]
 [ 0.      ]
 [ 0.      ]
 [ 0.      ]
 [ 0.      ]
 [ 0.      ]
 [ 0.      ]
 [ 0.      ]
 [ 0.      ]
 [ 0.      ]
 [ 0.      ]
 [ 0.      ]
 [ 0.      ]
 [ 0.      ]
 [ 0.      ]
 [ 0.      ]
 [ 0.      ]
 [ 0.      ]
 [ 0.      ]
 [ 0.      ]
 [ 0.      ]
 [ 0.      ]
 [ 0.      ]
 [ 0.      ]
 [ 0.      ]
 [ 0.      ]
 [ 0.      ]
 [ 0.      ]
 [ 0.      ]
 [ 0.      ]
 [ 0.      ]
 [ 0.      ]
 [ 0.      ]
 [ 0.      ]
 [ 0.011626]
 [ 0.058757]
 [ 0.005656]
 [ 0.      ]
 [ 0.      ]
 [ 0.      ]
 [ 0.011208]
 [-0.03075 ]
 [-0.14158 ]
 [-0.025533]
 [ 0.026512]
 [ 0.016458]
 [ 0.020669]
 [ 0.003041]
 [-0.077224]
 [-0.099308]
 [-0.034029]
 [ 0.      ]
 [ 0.      ]
 [ 0.      ]
 [ 0.      ]
 [ 0.      ]
 [ 0.      ]
 [ 0.      ]
 [ 0.      ]
 [ 0.      ]
 [ 0.      ]
 [-0.00083 ]
 [ 0.0134  ]
 [-0.012187]
 [ 0.022835]
 [ 0.03352 ]
 [ 0.13207 ]
 [ 0.233007]
 [ 0.195779]
 [ 0.218148]
 [ 0.062132]
 [ 0.043967]
 [ 0.026097]
 [ 0.097848]
 [ 0.08608 ]
 [-0.061615]
 [-0.157443]
 [-0.086418]
 [-0.078195]
 [ 0.      ]
 [ 0.      ]
 [ 0.      ]
 [ 0.      ]
 [ 0.      ]
 [ 0.      ]
 [ 0.      ]
 [ 0.      ]
 [-0.003225]
 [-0.013786]
 [ 0.220193]
 [ 0.326852]
 [ 0.055598]
 [ 0.052346]
 [ 0.091431]
 [ 0.018899]
 [-0.148846]
 [ 0.010232]
 [ 0.263358]
 [ 0.06162 ]
 [ 0.283943]
 [-0.002124]
 [ 0.072827]
 [ 0.212201]
 [ 0.223994]
 [ 0.037982]
 [-0.128591]
 [-0.137231]
 [ 0.025057]
 [ 0.      ]
 [ 0.      ]
 [ 0.      ]
 [ 0.      ]
 [ 0.      ]
 [ 0.      ]
 [ 0.      ]
 [-0.007157]
 [ 0.046588]
 [ 0.365109]
 [ 0.197619]
 [-0.013031]
 [ 0.181083]
 [ 0.364839]
 [ 0.037973]
 [ 0.003397]
 [ 0.219713]
 [ 0.304896]
 [ 0.450434]
 [ 0.155454]
 [ 0.01549 ]
 [ 0.199247]
 [ 0.092228]
 [-0.082793]
 [-0.230052]
 [-0.196115]
 [-0.055517]
 [ 0.023115]
 [-0.093883]
 [ 0.      ]
 [ 0.      ]
 [ 0.      ]
 [ 0.      ]
 [ 0.      ]
 [ 0.      ]
 [-0.00239 ]
 [-0.128622]
 [ 0.065003]
 [ 0.001432]
 [-0.008784]
 [ 0.170085]
 [ 0.128085]
 [ 0.489039]
 [ 0.250361]
 [ 0.084746]
 [ 0.234732]
 [-0.043049]
 [ 0.130759]
 [ 0.07252 ]
 [ 0.511684]
 [ 0.032288]
 [-0.296021]
 [-0.059855]
 [ 0.001438]
 [ 0.031902]
 [-0.006918]
 [-0.01616 ]
 [ 0.      ]
 [ 0.      ]
 [ 0.      ]
 [ 0.      ]
 [ 0.00367 ]
 [ 0.021513]
 [ 0.054966]
 [-0.071846]
 [ 0.023947]
 [ 0.240624]
 [ 0.151078]
 [ 0.232963]
 [-0.087795]
 [ 0.226964]
 [-0.000595]
 [ 0.231721]
 [ 0.074492]
 [ 0.157067]
 [ 0.203378]
 [ 0.205026]
 [-0.043434]
 [-0.167057]
 [-0.052096]
 [ 0.102434]
 [ 0.184363]
 [ 0.088846]
 [ 0.041756]
 [ 0.      ]
 [ 0.      ]
 [ 0.      ]
 [ 0.      ]
 [ 0.      ]
 [ 0.021513]
 [ 0.024966]
 [ 0.033719]
 [-0.081539]
 [-0.119865]
 [ 0.115197]
 [-0.082754]
 [ 0.01557 ]
 [ 0.302403]
 [-0.025212]
 [ 0.180999]
 [ 0.346209]
 [ 0.243487]
 [ 0.086792]
 [ 0.271424]
 [ 0.108221]
 [-0.192158]
 [ 0.358864]
 [ 0.146997]
 [ 0.201512]
 [ 0.21147 ]
 [ 0.108479]
 [ 0.      ]
 [ 0.      ]
 [ 0.      ]
 [ 0.      ]
 [ 0.      ]
 [ 0.      ]
 [ 0.      ]
 [ 0.140581]
 [ 0.074106]
 [ 0.078425]
 [-0.002856]
 [-0.075965]
 [-0.14467 ]
 [-0.028671]
 [ 0.048485]
 [-0.196473]
 [ 0.081689]
 [ 0.194481]
 [-0.023895]
 [ 0.154212]
 [-0.345472]
 [-0.084957]
 [ 0.018873]
 [ 0.052121]
 [ 0.151827]
 [ 0.042296]
 [ 0.04568 ]
 [-0.002517]
 [ 0.      ]
 [ 0.      ]
 [ 0.      ]
 [ 0.      ]
 [ 0.      ]
 [ 0.      ]
 [ 0.      ]
 [ 0.198412]
 [ 0.258404]
 [ 0.064884]
 [-0.06474 ]
 [-0.31864 ]
 [-0.20011 ]
 [-0.482945]
 [-0.444086]
 [ 0.039267]
 [-0.58045 ]
 [-0.309312]
 [ 0.234283]
 [ 0.087734]
 [-0.287913]
 [-0.19291 ]
 [-0.016493]
 [-0.296872]
 [-0.114507]
 [-0.141058]
 [-0.04196 ]
 [-0.00171 ]
 [ 0.      ]
 [ 0.      ]
 [ 0.      ]
 [ 0.      ]
 [ 0.      ]
 [ 0.      ]
 [ 0.      ]
 [ 0.089593]
 [ 0.083915]
 [-0.138072]
 [-0.060595]
 [ 0.010766]
 [-0.264829]
 [-0.117865]
 [-0.238314]
 [-0.384229]
 [-0.352505]
 [ 0.241961]
 [ 0.464354]
 [-0.00485 ]
 [ 0.067772]
 [-0.021654]
 [ 0.199628]
 [-0.017366]
 [-0.099074]
 [-0.260394]
 [-0.055159]
 [ 0.      ]
 [-0.000817]
 [ 0.      ]
 [ 0.      ]
 [ 0.      ]
 [ 0.      ]
 [ 0.      ]
 [ 0.      ]
 [ 0.019393]
 [ 0.072661]
 [-0.152626]
 [ 0.007686]
 [ 0.011357]
 [-0.116774]
 [-0.001833]
 [-0.090419]
 [-0.245229]
 [-0.187059]
 [ 0.11614 ]
 [-0.000227]
 [-0.029924]
 [-0.015161]
 [-0.100004]
 [-0.170413]
 [ 0.137866]
 [ 0.022622]
 [-0.079972]
 [-0.0653  ]
 [-0.004966]
 [-0.009183]
 [ 0.      ]
 [ 0.      ]
 [ 0.      ]
 [ 0.      ]
 [ 0.      ]
 [ 0.      ]
 [-0.022788]
 [-0.11539 ]
 [-0.193848]
 [-0.065017]
 [-0.306459]
 [ 0.062255]
 [-0.083053]
 [-0.0438  ]
 [-0.08191 ]
 [-0.367359]
 [-0.135381]
 [ 0.026694]
 [-0.096492]
 [ 0.116381]
 [-0.212605]
 [-0.355024]
 [ 0.035999]
 [ 0.157273]
 [ 0.070346]
 [-0.149736]
 [-0.045599]
 [-0.007016]
 [ 0.      ]
 [ 0.      ]
 [ 0.      ]
 [ 0.      ]
 [ 0.      ]
 [ 0.      ]
 [ 0.055258]
 [ 0.041561]
 [ 0.078915]
 [-0.181098]
 [-0.135108]
 [-0.445157]
 [-0.372113]
 [-0.135812]
 [-0.120507]
 [ 0.126722]
 [-0.019785]
 [ 0.02719 ]
 [-0.085098]
 [-0.19779 ]
 [ 0.086506]
 [ 0.018786]
 [-0.007196]
 [-0.114345]
 [-0.02179 ]
 [-0.162271]
 [-0.059648]
 [-0.045965]
 [ 0.      ]
 [ 0.      ]
 [ 0.      ]
 [ 0.      ]
 [ 0.      ]
 [ 0.      ]
 [ 0.17457 ]
 [ 0.078229]
 [ 0.145052]
 [-0.130681]
 [-0.060454]
 [-0.258438]
 [-0.095854]
 [ 0.017345]
 [-0.057253]
 [-0.07073 ]
 [-0.098811]
 [-0.216427]
 [-0.187268]
 [-0.321094]
 [ 0.01291 ]
 [ 0.064446]
 [-0.052457]
 [-0.220371]
 [ 0.075469]
 [ 0.052417]
 [-0.037152]
 [-0.017797]
 [ 0.      ]
 [ 0.      ]
 [ 0.      ]
 [ 0.      ]
 [ 0.      ]
 [-0.00011 ]
 [ 0.130357]
 [ 0.119364]
 [ 0.214681]
 [-0.008335]
 [ 0.020862]
 [-0.303508]
 [ 0.002785]
 [-0.047436]
 [-0.19155 ]
 [-0.011517]
 [-0.236269]
 [-0.282337]
 [-0.270062]
 [-0.329656]
 [ 0.089163]
 [-0.07099 ]
 [-0.022664]
 [-0.074626]
 [ 0.287835]
 [ 0.320403]
 [-0.004414]
 [ 0.000468]
 [ 0.      ]
 [ 0.      ]
 [ 0.      ]
 [ 0.      ]
 [ 0.      ]
 [-0.005191]
 [ 0.121502]
 [ 0.267452]
 [ 0.29596 ]
 [ 0.194835]
 [-0.194456]
 [-0.407273]
 [-0.069751]
 [ 0.220611]
 [-0.187071]
 [ 0.187804]
 [-0.201543]
 [-0.185444]
 [ 0.159949]
 [-0.198891]
 [ 0.10886 ]
 [ 0.095681]
 [ 0.06157 ]
 [ 0.285805]
 [ 0.346988]
 [ 0.492288]
 [ 0.155429]
 [ 0.029953]
 [ 0.      ]
 [ 0.      ]
 [ 0.      ]
 [ 0.      ]
 [ 0.      ]
 [-0.012149]
 [ 0.139253]
 [ 0.111483]
 [ 0.091887]
 [ 0.157845]
 [-0.020941]
 [-0.049278]
 [ 0.102219]
 [-0.031794]
 [-0.262178]
 [-0.21213 ]
 [-0.181414]
 [ 0.013301]
 [ 0.192118]
 [-0.061134]
 [-0.06446 ]
 [ 0.001768]
 [ 0.035317]
 [ 0.110419]
 [ 0.038505]
 [ 0.289108]
 [ 0.137581]
 [ 0.011213]
 [ 0.      ]
 [ 0.      ]
 [ 0.      ]
 [ 0.      ]
 [ 0.      ]
 [-0.007068]
 [ 0.140301]
 [ 0.198655]
 [ 0.135241]
 [ 0.161977]
 [ 0.213364]
 [ 0.260028]
 [ 0.373116]
 [-0.199459]
 [-0.273795]
 [-0.177419]
 [-0.168924]
 [-0.040114]
 [-0.0365  ]
 [-0.044983]
 [ 0.099089]
 [ 0.206396]
 [ 0.115851]
 [-0.009019]
 [ 0.000115]
 [ 0.140059]
 [ 0.246982]
 [ 0.      ]
 [ 0.      ]
 [ 0.      ]
 [ 0.      ]
 [ 0.      ]
 [ 0.      ]
 [-0.000166]
 [ 0.042993]
 [ 0.129217]
 [ 0.12124 ]
 [ 0.124745]
 [ 0.38766 ]
 [ 0.215397]
 [ 0.062869]
 [ 0.107605]
 [ 0.127082]
 [ 0.254159]
 [-0.07349 ]
 [ 0.169608]
 [ 0.24766 ]
 [ 0.174727]
 [ 0.109339]
 [ 0.147701]
 [-0.010147]
 [ 0.213373]
 [-0.026101]
 [ 0.125532]
 [ 0.151513]
 [ 0.      ]
 [ 0.      ]
 [ 0.      ]
 [ 0.      ]
 [ 0.      ]
 [ 0.      ]
 [ 0.      ]
 [ 0.      ]
 [ 0.000688]
 [ 0.054116]
 [ 0.131725]
 [ 0.301993]
 [ 0.048324]
 [ 0.02513 ]
 [ 0.193168]
 [ 0.339427]
 [ 0.278172]
 [-0.003061]
 [-0.153736]
 [ 0.028333]
 [ 0.312985]
 [ 0.00096 ]
 [-0.082284]
 [-0.229183]
 [ 0.01901 ]
 [ 0.013237]
 [ 0.130737]
 [ 0.098587]
 [ 0.      ]
 [ 0.      ]
 [ 0.      ]
 [ 0.      ]
 [ 0.      ]
 [ 0.      ]
 [ 0.      ]
 [ 0.      ]
 [ 0.      ]
 [ 0.092343]
 [ 0.194296]
 [ 0.21043 ]
 [-0.034601]
 [-0.020976]
 [ 0.172499]
 [ 0.574284]
 [ 0.118585]
 [ 0.077066]
 [ 0.046514]
 [ 0.018214]
 [ 0.080288]
 [-0.025019]
 [ 0.072176]
 [-0.154482]
 [-0.101169]
 [ 0.014701]
 [ 0.117249]
 [ 0.000125]
 [ 0.      ]
 [ 0.      ]
 [ 0.      ]
 [ 0.      ]
 [ 0.      ]
 [ 0.      ]
 [ 0.      ]
 [ 0.      ]
 [ 0.      ]
 [ 0.089544]
 [ 0.164278]
 [ 0.163998]
 [-0.098762]
 [-0.274411]
 [ 0.234287]
 [ 0.348026]
 [ 0.068579]
 [ 0.246713]
 [-0.259097]
 [-0.192021]
 [-0.220239]
 [-0.031222]
 [-0.013228]
 [ 0.107116]
 [ 0.125572]
 [ 0.016728]
 [-0.030302]
 [-0.020945]
 [ 0.      ]
 [ 0.      ]
 [ 0.      ]
 [ 0.      ]
 [ 0.      ]
 [ 0.      ]
 [ 0.      ]
 [ 0.      ]
 [ 0.      ]
 [ 0.      ]
 [ 0.      ]
 [ 0.018325]
 [ 0.100815]
 [ 0.069728]
 [-0.086551]
 [ 0.059159]
 [ 0.229636]
 [ 0.1674  ]
 [-0.001195]
 [ 0.050236]
 [ 0.088743]
 [ 0.388363]
 [ 0.154507]
 [ 0.025122]
 [-0.002824]
 [-0.026118]
 [-0.016816]
 [-0.008028]
 [ 0.      ]
 [ 0.      ]
 [ 0.      ]
 [ 0.      ]
 [ 0.      ]
 [ 0.      ]
 [ 0.      ]
 [ 0.      ]
 [ 0.      ]
 [ 0.      ]
 [ 0.      ]
 [ 0.      ]
 [ 0.      ]
 [ 0.      ]
 [ 0.178498]
 [ 0.156295]
 [-0.028382]
 [-0.029173]
 [ 0.      ]
 [ 0.      ]
 [ 0.065139]
 [ 0.148324]
 [ 0.061304]
 [ 0.012403]
 [ 0.011913]
 [ 0.002647]
 [ 0.      ]
 [ 0.      ]
 [ 0.      ]
 [ 0.      ]
 [ 0.      ]
 [ 0.      ]
 [ 0.      ]
 [ 0.      ]
 [ 0.      ]
 [ 0.      ]
 [ 0.      ]
 [ 0.      ]
 [ 0.      ]
 [ 0.      ]
 [ 0.      ]
 [ 0.      ]
 [ 0.      ]
 [ 0.      ]
 [ 0.      ]
 [ 0.      ]
 [ 0.      ]
 [ 0.      ]
 [ 0.      ]
 [ 0.      ]
 [ 0.      ]
 [ 0.      ]
 [ 0.      ]
 [ 0.      ]
 [ 0.      ]
 [ 0.      ]
 [ 0.      ]
 [ 0.      ]
 [ 0.      ]
 [ 0.      ]]