Xpca.len: 1962
X.len: 1962
Y.len: 1
X[0].shape (33600,)
Y[0].shape (1961,)
[0.44207828 0.13506866 0.0769343  0.04193654 0.03091065 0.02334766
 0.01856176 0.01725449 0.01531504 0.01438192 0.01302414 0.01127576
 0.01083741 0.0098881  0.00938576 0.00801071 0.00737397 0.00686608
 0.00656071 0.00594223 0.00528192 0.00522255 0.00474642 0.0041218
 0.00400644 0.00380627 0.00363215 0.00325781 0.00288246 0.00286194
 0.00269389 0.00216654 0.00201399 0.00200267 0.00169752 0.00161614
 0.00156774 0.00136272 0.00126891 0.0012041  0.001108   0.00101896
 0.00096056 0.00091023 0.00088387 0.00084822 0.000798   0.00074584
 0.00074001 0.0007103 ]
(33600,)
<class 'numpy.ndarray'> (50,) (1962, 50)
(33600,)
