12920	94.6944
12910	94.6167
12900	94.5556
12890	94.4944
12880	94.4167
12870	94.3333
12860	94.2667
12850	94.2
12840	94.1389
12830	94.0778
12820	94.0167
12810	93.9611
12800	93.8944
12790	93.8389
12780	93.75
12770	93.6944
12760	93.6333
12750	93.5333
12740	93.4556
12730	93.3944
12720	93.3167
12710	93.3
12700	93.3
12690	93.2889
12680	93.2889
12670	93.2889
12660	93.2667
12650	93.2556
12640	93.2556
12630	93.25
12620	93.2444
12610	93.2278
12600	93.2167
12590	93.2056
12580	93.2
12570	93.1778
12560	93.1722
12550	93.1722
12540	93.1611
12530	93.1556
12520	93.1556
12510	93.1556
12500	93.15
12490	93.15
12480	93.1389
12470	93.1389
12460	93.1389
12450	93.1389
12440	93.1389
12430	93.1389
12420	93.1389
12410	93.1389
12400	93.1389
12390	93.1333
12380	93.1333
12370	93.1167
12360	93.1167
12350	93.1111
12340	93.1111
12330	93.1111
12320	93.1111
12310	93.1111
12300	93.1111
12290	93.1111
12280	93.1
12270	93.0944
12260	93.0944
12250	93.0944
12240	93.0944
12230	93.0944
12220	93.0889
12210	93.0833
12200	93.0833
12190	93.0778
12180	93.0722
12170	93.0722
12160	93.0556
12150	93.0556
12140	93.0556
12130	93.05
12120	93.05
12110	93.0389
12100	93.0389
12090	93.0389
12080	93.0389
12070	93.0278
12060	93.0278
12050	93.0222
12040	93.0167
12030	93.0167
12020	93.0167
12010	93
12000	93
11990	93
11980	93
11970	92.9889
11960	92.9889
11950	92.9833
11940	92.9833
11930	92.9722
11920	92.9667
11910	92.9667
11900	92.9556
11890	92.95
11880	92.95
11870	92.9444
11860	92.9444
11850	92.9333
11840	92.9278
11830	92.9278
11820	92.9278
11810	92.9111
11800	92.9
11790	92.8944
11780	92.8889
11770	92.8889
11760	92.8889
11750	92.8889
11740	92.8889
11730	92.8889
11720	92.8889
11710	92.8667
11700	92.8667
11690	92.8611
11680	92.8611
11670	92.8444
11660	92.8444
11650	92.8444
11640	92.8389
11630	92.8389
11620	92.8333
11610	92.8333
11600	92.8333
11590	92.8333
11580	92.8333
11570	92.8333
11560	92.8333
11550	92.8333
11540	92.8333
11530	92.8278
11520	92.8278
11510	92.8278
11500	92.8278
11490	92.8222
11480	92.8
11470	92.8
11460	92.7778
11450	92.7556
11440	92.7389
11430	92.7389
11420	92.7333
11410	92.7333
11400	92.7333
11390	92.7333
11380	92.7333
11370	92.7333
11360	92.7333
11350	92.7333
11340	92.7333
11330	92.7222
11320	92.7222
11310	92.7167
11300	92.7167
11290	92.7056
11280	92.6944
11270	92.6667
11260	92.6556
11250	92.65
11240	92.6444
11230	92.6333
11220	92.6278
11210	92.6278
11200	92.6278
11190	92.6222
11180	92.6222
11170	92.6222
11160	92.6222
11150	92.6167
11140	92.6111
11130	92.6
11120	92.6
11110	92.6
11100	92.5889
11090	92.5833
11080	92.5667
11070	92.5611
11060	92.5611
11050	92.5222
11040	92.5222
11030	92.5167
11020	92.4889
11010	92.4722
11000	92.4611
10990	92.4611
10980	92.4611
10970	92.45
10960	92.45
10950	92.45
10940	92.45
10930	92.4444
10920	92.4444
10910	92.4278
10900	92.4278
10890	92.4222
10880	92.4222
10870	92.4222
10860	92.4
10850	92.4
10840	92.4
10830	92.4
10820	92.4
10810	92.4
10800	92.4
10790	92.3889
10780	92.3833
10770	92.3833
10760	92.3778
10750	92.3778
10740	92.3667
10730	92.3556
10720	92.35
10710	92.35
10700	92.35
10690	92.3389
10680	92.3167
10670	92.3167
10660	92.3
10650	92.2778
10640	92.2778
10630	92.2722
10620	92.2444
10610	92.2278
10600	92.2167
10590	92.2111
10580	92.2111
10570	92.2111
10560	92.2111
10550	92.2111
10540	92.2
10530	92.1944
10520	92.1944
10510	92.1944
10500	92.1944
10490	92.1944
10480	92.1944
10470	92.1944
10460	92.1944
10450	92.1944
10440	92.1944
10430	92.1944
10420	92.1833
10410	92.1722
10400	92.1722
10390	92.1722
10380	92.1722
10370	92.1722
10360	92.1667
10350	92.1556
10340	92.1389
10330	92.1333
10320	92.1222
10310	92.1222
10300	92.1222
10290	92.1222
10280	92.1222
10270	92.1222
10260	92.1167
10250	92.1167
10240	92.1111
10230	92.1111
10220	92.1111
10210	92.1111
10200	92.1111
10190	92.0944
10180	92.0833
10170	92.0722
10160	92.0722
10150	92.0722
10140	92.0722
10130	92.0722
10120	92.0667
10110	92.0556
10100	92.0556
10090	92.05
10080	92.0444
10070	92.0389
10060	92.0333
10050	92.0222
10040	92.0222
10030	92.0167
10020	92.0056
10010	92
10000	91.9944
9990	91.9833
9980	91.9778
9970	91.9556
9960	91.9333
9950	91.9333
9940	91.9278
9930	91.9222
9920	91.9222
9910	91.9167
9900	91.9167
9890	91.9
9880	91.9
9870	91.9
9860	91.8944
9850	91.8833
9840	91.8778
9830	91.8667
9820	91.8667
9810	91.8611
9800	91.8611
9790	91.8556
9780	91.85
9770	91.85
9760	91.8444
9750	91.8444
9740	91.8333
9730	91.8333
9720	91.8333
9710	91.8222
9700	91.8167
9690	91.8167
9680	91.8111
9670	91.8
9660	91.8
9650	91.7833
9640	91.7667
9630	91.7556
9620	91.75
9610	91.75
9600	91.75
9590	91.75
9580	91.7333
9570	91.7333
9560	91.7278
9550	91.7278
9540	91.7278
9530	91.7278
9520	91.7278
9510	91.7278
9500	91.7056
9490	91.7056
9480	91.7
9470	91.6889
9460	91.6778
9450	91.6778
9440	91.6722
9430	91.6667
9420	91.6556
9410	91.6556
9400	91.65
9390	91.6333
9380	91.6278
9370	91.6167
9360	91.6056
9350	91.6056
9340	91.6056
9330	91.5944
9320	91.5944
9310	91.5833
9300	91.5833
9290	91.5833
9280	91.5778
9270	91.5667
9260	91.5333
9250	91.5278
9240	91.5167
9230	91.5167
9220	91.5167
9210	91.5167
9200	91.5167
9190	91.5056
9180	91.4833
9170	91.4722
9160	91.4667
9150	91.4667
9140	91.4611
9130	91.4611
9120	91.4611
9110	91.4611
9100	91.4444
9090	91.4333
9080	91.4278
9070	91.4278
9060	91.4278
9050	91.4222
9040	91.4
9030	91.3944
9020	91.3778
9010	91.3556
9000	91.35
8990	91.3333
8980	91.3333
8970	91.3333
8960	91.3333
8950	91.3333
8940	91.3111
8930	91.3056
8920	91.3056
8910	91.3056
8900	91.3056
8890	91.2889
8880	91.2889
8870	91.2889
8860	91.2833
8850	91.2833
8840	91.2722
8830	91.2667
8820	91.2667
8810	91.2667
8800	91.2556
8790	91.25
8780	91.2389
8770	91.2389
8760	91.2333
8750	91.2278
8740	91.2222
8730	91.1944
8720	91.1889
8710	91.1833
8700	91.15
8690	91.1389
8680	91.1278
8670	91.1222
8660	91.1111
8650	91.0889
8640	91.0611
8630	91.05
8620	91.0444
8610	91.0444
8600	91.0444
8590	91.0333
8580	91.0278
8570	91.0222
8560	91.0222
8550	91.0222
8540	91.0056
8530	90.9833
8520	90.9722
8510	90.9667
8500	90.95
8490	90.9444
8480	90.9333
8470	90.9278
8460	90.9056
8450	90.9056
8440	90.8944
8430	90.8667
8420	90.8556
8410	90.8389
8400	90.8278
8390	90.8056
8380	90.8
8370	90.8
8360	90.7944
8350	90.7944
8340	90.7944
8330	90.7944
8320	90.7889
8310	90.7722
8300	90.7722
8290	90.7667
8280	90.7667
8270	90.7556
8260	90.75
8250	90.7278
8240	90.7167
8230	90.7111
8220	90.7111
8210	90.7111
8200	90.6889
8190	90.6611
8180	90.6556
8170	90.6556
8160	90.65
8150	90.65
8140	90.65
8130	90.6389
8120	90.6389
8110	90.6389
8100	90.6333
8090	90.6333
8080	90.6278
8070	90.6278
8060	90.6278
8050	90.6278
8040	90.6278
8030	90.6222
8020	90.6222
8010	90.6222
8000	90.6222
7990	90.6222
7980	90.6222
7970	90.6222
7960	90.6222
7950	90.6167
7940	90.6167
7930	90.6167
7920	90.6167
7910	90.6111
7900	90.6111
7890	90.6111
7880	90.6111
7870	90.6111
7860	90.5889
7850	90.5722
7840	90.5667
7830	90.5667
7820	90.5667
7810	90.5667
7800	90.5444
7790	90.5444
7780	90.5444
7770	90.5389
7760	90.5333
7750	90.5278
7740	90.5278
7730	90.5222
7720	90.5222
7710	90.5222
7700	90.5167
7690	90.5167
7680	90.5111
7670	90.5111
7660	90.5111
7650	90.5111
7640	90.5111
7630	90.5056
7620	90.5
7610	90.5
7600	90.4944
7590	90.4889
7580	90.4889
7570	90.4722
7560	90.4722
7550	90.4722
7540	90.4556
7530	90.4556
7520	90.4556
7510	90.4556
7500	90.45
7490	90.4444
7480	90.4444
7470	90.4444
7460	90.4389
7450	90.4389
7440	90.4389
7430	90.4333
7420	90.4278
7410	90.4222
7400	90.4222
7390	90.4167
7380	90.4111
7370	90.4111
7360	90.4111
7350	90.4111
7340	90.4111
7330	90.4056
7320	90.4056
7310	90.4056
7300	90.4
7290	90.4
7280	90.3944
7270	90.3889
7260	90.3889
7250	90.3833
7240	90.3778
7230	90.3722
7220	90.3667
7210	90.3611
7200	90.3611
7190	90.3611
7180	90.3556
7170	90.35
7160	90.3444
7150	90.3389
7140	90.3389
7130	90.3333
7120	90.3278
7110	90.3167
7100	90.3167
7090	90.3056
7080	90.3056
7070	90.3
7060	90.2944
7050	90.2944
7040	90.2944
7030	90.2889
7020	90.2889
7010	90.2833
7000	90.2778
6990	90.2556
6980	90.2556
6970	90.2556
6960	90.2556
6950	90.2556
6940	90.2556
6930	90.2556
6920	90.2444
6910	90.2444
6900	90.2444
6890	90.2389
6880	90.2389
6870	90.2389
6860	90.2389
6850	90.2333
6840	90.2333
6830	90.2333
6820	90.2167
6810	90.2167
6800	90.2167
6790	90.2056
6780	90.2056
6770	90.2056
6760	90.2056
6750	90.1944
6740	90.1889
6730	90.1833
6720	90.1833
6710	90.1833
6700	90.1722
6690	90.1611
6680	90.1611
6670	90.1611
6660	90.1611
6650	90.1556
6640	90.1556
6630	90.1556
6620	90.1556
6610	90.15
6600	90.15
6590	90.15
6580	90.15
6570	90.15
6560	90.15
6550	90.1389
6540	90.1278
6530	90.1278
6520	90.1278
6510	90.1056
6500	90.1056
6490	90.1056
6480	90.0889
6470	90.0833
6460	90.0833
6450	90.0722
6440	90.0722
6430	90.0722
6420	90.0722
6410	90.0722
6400	90.0611
6390	90.0556
6380	90.0556
6370	90.0444
6360	90.0444
6350	90.0444
6340	90.0389
6330	90.0278
6320	90.0167
6310	90.0111
6300	90.0111
6290	90.0111
6280	90.0056
6270	90
6260	90
6250	90
6240	90
6230	89.9889
6220	89.9889
6210	89.9889
6200	89.9889
6190	89.9722
6180	89.9611
6170	89.9611
6160	89.9611
6150	89.9611
6140	89.9611
6130	89.9611
6120	89.95
6110	89.95
6100	89.9333
6090	89.9278
6080	89.9222
6070	89.9056
6060	89.85
6050	89.8444
6040	89.8444
6030	89.8444
6020	89.8444
6010	89.8333
6000	89.8333
5990	89.8222
5980	89.8056
5970	89.8056
5960	89.7833
5950	89.7778
5940	89.7778
5930	89.7611
5920	89.7444
5910	89.7222
5900	89.7
5890	89.6833
5880	89.6722
5870	89.6556
5860	89.6444
5850	89.6444
5840	89.6278
5830	89.6222
5820	89.6167
5810	89.6167
5800	89.6167
5790	89.6167
5780	89.6167
5770	89.6167
5760	89.6167
5750	89.6
5740	89.5944
5730	89.5944
5720	89.5889
5710	89.5667
5700	89.5556
5690	89.55
5680	89.5389
5670	89.5333
5660	89.5111
5650	89.5056
5640	89.4778
5630	89.4667
5620	89.4556
5610	89.4556
5600	89.45
5590	89.4222
5580	89.3889
5570	89.3833
5560	89.3611
5550	89.3444
5540	89.3389
5530	89.3111
5520	89.3
5510	89.2778
5500	89.2611
5490	89.2611
5480	89.2611
5470	89.2611
5460	89.2556
5450	89.2444
5440	89.2333
5430	89.2333
5420	89.2333
5410	89.2333
5400	89.2278
5390	89.2167
5380	89.2167
5370	89.2
5360	89.2
5350	89.2
5340	89.2
5330	89.2
5320	89.2
5310	89.2
5300	89.2
5290	89.2
5280	89.2
5270	89.2
5260	89.2
5250	89.2
5240	89.2
5230	89.1889
5220	89.1833
5210	89.1778
5200	89.1722
5190	89.1722
5180	89.1722
5170	89.1722
5160	89.1722
5150	89.1722
5140	89.1722
5130	89.1722
5120	89.1722
5110	89.1556
5100	89.1389
5090	89.1389
5080	89.1333
5070	89.1
5060	89.0833
5050	89.0833
5040	89.0833
5030	89.0833
5020	89.0722
5010	89.0667
5000	89.0667
4990	89.0611
4980	89.0611
4970	89.0611
4960	89.0611
4950	89.0611
4940	89.0611
4930	89.0611
4920	89.0611
4910	89.0611
4900	89.0611
4890	89.0611
4880	89.0556
4870	89.0556
4860	89.0556
4850	89.0556
4840	89.0556
4830	89.0556
4820	89.0556
4810	89.0556
4800	89.05
4790	89.05
4780	89.05
4770	89.0444
4760	89.0444
4750	89.0333
4740	89.0333
4730	89.0222
4720	89.0222
4710	89.0222
4700	89.0222
4690	89.0111
4680	89.0111
4670	88.9833
4660	88.9833
4650	88.9833
4640	88.9833
4630	88.9778
4620	88.9778
4610	88.9778
4600	88.9778
4590	88.9778
4580	88.9778
4570	88.9722
4560	88.9611
4550	88.9444
4540	88.9444
4530	88.9444
4520	88.9444
4510	88.9444
4500	88.9444
4490	88.9444
4480	88.9444
4470	88.9444
4460	88.9444
4450	88.9444
4440	88.9444
4430	88.9333
4420	88.9111
4410	88.9111
4400	88.9111
4390	88.9111
4380	88.9111
4370	88.9111
4360	88.9111
4350	88.9056
4340	88.9
4330	88.8944
4320	88.8833
4310	88.8778
4300	88.8778
4290	88.8778
4280	88.8778
4270	88.8778
4260	88.8778
4250	88.8722
4240	88.8722
4230	88.8722
4220	88.8722
4210	88.8722
4200	88.8722
4190	88.8722
4180	88.8722
4170	88.8611
4160	88.8611
4150	88.85
4140	88.85
4130	88.85
4120	88.85
4110	88.85
4100	88.85
4090	88.85
4080	88.85
4070	88.8444
4060	88.8389
4050	88.8389
4040	88.8222
4030	88.8111
4020	88.8111
4010	88.7889
4000	88.7722
3990	88.7722
3980	88.7667
3970	88.7556
3960	88.7556
3950	88.7389
3940	88.7056
3930	88.7056
3920	88.7056
3910	88.7056
3900	88.7056
3890	88.7056
3880	88.7
3870	88.6889
3860	88.6889
3850	88.6889
3840	88.6889
3830	88.6556
3820	88.6444
3810	88.6444
3800	88.6389
3790	88.6167
3780	88.5889
3770	88.5889
3760	88.5778
3750	88.5611
3740	88.5389
3730	88.5389
3720	88.5278
3710	88.5222
3700	88.5222
3690	88.5167
3680	88.5111
3670	88.5111
3660	88.5111
3650	88.5056
3640	88.4944
3630	88.4944
3620	88.4889
3610	88.4833
3600	88.4722
3590	88.4556
3580	88.4556
3570	88.4389
3560	88.4056
3550	88.4056
3540	88.3944
3530	88.3889
3520	88.3833
3510	88.3833
3500	88.3667
3490	88.35
3480	88.35
3470	88.3056
3460	88.2944
3450	88.2944
3440	88.2833
3430	88.2778
3420	88.2667
3410	88.2611
3400	88.2389
3390	88.2389
3380	88.2389
3370	88.2
3360	88.1833
3350	88.1556
3340	88.1444
3330	88.1444
3320	88.1167
3310	88.1056
3300	88.0944
3290	88.0778
3280	88.0611
3270	88.0556
3260	88.0333
3250	88.0111
3240	87.9944
3230	87.9944
3220	87.9778
3210	87.9556
3200	87.9389
3190	87.9167
3180	87.9167
3170	87.9056
3160	87.9056
3150	87.9
3140	87.8833
3130	87.85
3120	87.8278
3110	87.8056
3100	87.7889
3090	87.7833
3080	87.7556
3070	87.7556
3060	87.7556
3050	87.75
3040	87.7444
3030	87.7444
3020	87.7333
3010	87.7333
3000	87.7167
2990	87.7056
2980	87.7
2970	87.7
2960	87.6722
2950	87.6722
2940	87.6611
2930	87.6333
2920	87.6
2910	87.5944
2900	87.55
2890	87.5333
2880	87.5222
2870	87.5222
2860	87.5222
2850	87.5056
2840	87.5056
2830	87.4944
2820	87.4889
2810	87.4889
2800	87.4833
2790	87.4667
2780	87.4611
2770	87.45
2760	87.45
2750	87.4389
2740	87.4222
2730	87.4056
2720	87.4
2710	87.3944
2700	87.3944
2690	87.3944
2680	87.3889
2670	87.3889
2660	87.3833
2650	87.3778
2640	87.3722
2630	87.3722
2620	87.3611
2610	87.3611
2600	87.3611
2590	87.3556
2580	87.3556
2570	87.3556
2560	87.3556
2550	87.3444
2540	87.3333
2530	87.3333
2520	87.3278
2510	87.3278
2500	87.3278
2490	87.3278
2480	87.3167
2470	87.3111
2460	87.3056
2450	87.3056
2440	87.2833
2430	87.2667
2420	87.2667
2410	87.2667
2400	87.2667
2390	87.2667
2380	87.2667
2370	87.2611
2360	87.2611
2350	87.2444
2340	87.2333
2330	87.2167
2320	87.2167
2310	87.2167
2300	87.2167
2290	87.1944
2280	87.1611
2270	87.1611
2260	87.1556
2250	87.1444
2240	87.1444
2230	87.1056
2220	87.1
2210	87.0889
2200	87.0889
2190	87.0611
2180	87.0556
2170	87.0556
2160	87.0556
2150	87.0444
2140	87.0389
2130	87.0333
2120	87.0333
2110	87.0278
2100	87.0056
2090	86.9833
2080	86.9611
2070	86.9611
2060	86.9611
2050	86.9444
2040	86.9389
2030	86.9389
2020	86.9333
2010	86.9278
2000	86.9111
1990	86.9056
1980	86.9
1970	86.9
1960	86.8944
1950	86.8889
1940	86.8833
1930	86.85
1920	86.8389
1910	86.8389
1900	86.8222
1890	86.8222
1880	86.8111
1870	86.8111
1860	86.8056
1850	86.8
1840	86.8
1830	86.7833
1820	86.7611
1810	86.7444
1800	86.7389
1790	86.7333
1780	86.7222
1770	86.7167
1760	86.7111
1750	86.7111
1740	86.7111
1730	86.6944
1720	86.6944
1710	86.6944
1700	86.6833
1690	86.6778
1680	86.6667
1670	86.6611
1660	86.6556
1650	86.6444
1640	86.6444
1630	86.6389
1620	86.6333
1610	86.6278
1600	86.6167
1590	86.6111
1580	86.6111
1570	86.5944
1560	86.5667
1550	86.5667
1540	86.5667
