120 78.1444
160 78.1667
400 78.2556
440 78.2778
800 78.4611
1120 78.6278
1200 78.6444
1240 78.7056
1440 78.7667
1520 78.85
1640 78.9389
1840 79.0611
2480 79.5333
2600 79.6722
2720 79.7667
2880 79.9389
3120 80.1222
3360 80.3889
3400 80.4667
3480 80.55
3680 80.8111
3800 80.9167
3840 80.9389
3880 80.9667
3920 81.0278
3960 81.1
4000 81.1667
4160 81.3833
4200 81.4333
4480 81.5222
4680 81.5889
4720 81.5944
5080 81.8167
5400 81.9944
5480 82.0556
5960 82.2833
6000 82.3056
6080 82.3444
6160 82.35
6440 82.5444
7040 83.2056
7200 83.4556
7240 83.5444
7400 83.7278
7440 83.7722
8200 84.0389
8440 84.1389
8680 84.3833
8840 84.4556
9080 84.6111
9200 84.65
9240 84.7222
9800 85.2833
10000 85.5111
10360 86.1444
10600 86.5278
10720 86.9333
10760 87.0556
10800 87.1111
10880 87.2389
11160 91.7222
12000 92.5944
12040 92.6333
12760 94.3444
12840 94.4833
