iter:  50
[24194   818     0     0     0     0     0     0     0     0]
13144 Loss :  1.7964470866556979
iter:  100
[21508  3467    36     3     0     0     0     0     0     0]
15307 Loss :  1.5436888380362521
iter:  150
[21506  3457    26    25     0     0     0     0     0     0]
15300 Loss :  1.5740308235193787
iter:  200
[21464  3474    75     0     0     0     0     0     0     0]
15327 Loss :  1.5467368855134744
iter:  250
[21459  3491    24    40     0     0     0     0     0     0]
15329 Loss :  1.566704341881727
iter:  300
[21430  3129   453     2     0     0     0     0     0     0]
15200 Loss :  1.5562237259239617
iter:  350
[21167  3380   464     0     0     0     3     0     0     0]
15392 Loss :  1.5028489814046952
iter:  400
[20827  4135    51     0     0     0     0     0     0     0]
15888 Loss :  1.5358409845492842
iter:  450
[20785  4165    62     2     0     0     0     0     0     0]
15937 Loss :  1.4533167382857366
iter:  500
[20791  4143    59    21     0     0     0     0     0     0]
15909 Loss :  1.5049855285920912
iter:  550
[20841  4087    42    44     0     0     0     0     0     0]
15837 Loss :  1.4798786603065115
iter:  600
[20813  4129    45    27     0     0     0     0     0     0]
15895 Loss :  1.4631959908740422
iter:  650
[20812  4155    22    25     0     0     0     0     0     0]
15883 Loss :  1.4833558014498553
iter:  700
[20798  3794   412    10     0     0     0     0     0     0]
15748 Loss :  1.435132343416118
iter:  750
[20779  4149    40    46     0     0     0     0     0     0]
15907 Loss :  1.4744263914743045
iter:  800
[20805  4166    41     2     0     0     0     0     0     0]
15919 Loss :  1.4428055499870174
iter:  850
[20799  4179    34     2     0     0     0     0     0     0]
15927 Loss :  1.4576732988600825
iter:  900
[20783  4130    42    59     0     0     0     0     0     0]
15897 Loss :  1.462104730569754
iter:  950
[20774  4196    43     0     0     0     0     0     0     0]
15949 Loss :  1.4516468492724177
