iter:  50 

[20143  4839     0    23     4     5     2     0     0     0]
13328 Loss :  0.9704909627626753
iter:  100 

[19637  5347     0    27     0     3     0     0     0     0]
14296 Loss :  0.9121983570874277
iter:  150 

[17446  7482    15    62     5     4     2     0     0     2]
15994 Loss :  0.8097184491217704
iter:  200 

[13917 10908    32   148     4     6     0     0     0     2]
19086 Loss :  0.6072863245339701
iter:  250 

[13239 11353   139   271     7     6     0     0     0     2]
22310 Loss :  0.36316467709447675
iter:  300 

[12811 11462   358   367     8     9     0     0     0     2]
23394 Loss :  0.24624677849609786
iter:  350 

[12710 11298   559   423    14    11     0     0     0     2]
23771 Loss :  0.19118230767646444
iter:  400 

[12657 11156   715   450    20    17     0     0     0     2]
24048 Loss :  0.15613079633846177
iter:  450 

[12608 11060   813   475    30    29     0     0     0     2]
24239 Loss :  0.1307574511234678
iter:  500 

[12583 10965   895   497    35    38     0     0     2     3]
24391 Loss :  0.11111167557888106
iter:  550 

[12568 10879   973   509    41    42     0     0     2     4]
24527 Loss :  0.09530962377917312
