LOSS :  15.560111282354496
[23702  1309     0     2     0     0     0     0     0     0]
12441 Loss :  1.0110319356389876
LOSS :  1.4335652458145176
[24287   724     0     2     0     0     0     0     0     0]
12464 Loss :  1.0063660344372993
LOSS :  1.4138321381229388
[24395   616     0     2     0     0     0     0     0     0]
12483 Loss :  1.0055510216345007
LOSS :  1.3997474382640176
[24413   598     0     2     0     0     0     0     0     0]
12504 Loss :  1.0054582142419008
LOSS :  1.389582349768216
[24406   605     0     2     0     0     0     0     0     0]
12490 Loss :  1.0057147793195496
LOSS :  1.3822811511908184
[24383   628     0     2     0     0     0     0     0     0]
12505 Loss :  1.0061612833474938
LOSS :  1.3769847554476966
[24350   661     0     2     0     0     0     0     0     0]
12491 Loss :  1.0067278080239237
LOSS :  1.3731012794803235
[24330   681     0     2     0     0     0     0     0     0]
12473 Loss :  1.0073881133564246
LOSS :  1.3702364939714196
[24310   701     0     2     0     0     0     0     0     0]
12477 Loss :  1.0081332204674236
LOSS :  1.3681340824468802
[24288   724     0     0     0     0     0     0     0     0]
12471 Loss :  1.0089611892420727
LOSS :  1.3666322020547577
[24261   751     0     0     0     0     0     0     0     0]
12475 Loss :  1.0098780358353985
LOSS :  1.365639283458816
[24225   787     0     0     0     0     0     0     0     0]
12459 Loss :  1.0109177806994936
LOSS :  1.36513954221265
[24170   842     0     0     0     0     0     0     0     0]
12453 Loss :  1.0122784970024437
LOSS :  1.365275019956281
[24093   919     0     0     0     0     0     0     0     0]
12415 Loss :  1.016030078346644
LOSS :  1.3667842307288693
[23941  1071     0     0     0     0     0     0     0     0]
12383 Loss :  1.0294334977287882
LOSS :  1.3731851583709729
[23894  1118     0     0     0     0     0     0     0     0]
12391 Loss :  1.040082279811038
LOSS :  1.384756271043042
[24026   986     0     0     0     0     0     0     0     0]
12386 Loss :  1.0367475974930849
LOSS :  1.387885350852579
[23854  1158     0     0     0     0     0     0     0     0]
12434 Loss :  1.0344408583538889
LOSS :  1.382065867306205
[23623  1389     0     0     0     0     0     0     0     0]
12424 Loss :  1.0354961039944377
LOSS :  1.3766610158454042
[23434  1578     0     0     0     0     0     0     0     0]
12409 Loss :  1.0363685589627873
LOSS :  1.3745319982070563
[23275  1737     0     0     0     0     0     0     0     0]
12422 Loss :  1.0369328187964613
LOSS :  1.3745820731677398
[23146  1866     0     0     0     0     0     0     0     0]
12412 Loss :  1.0373536513750736
LOSS :  1.3754370955546111
[23046  1966     0     0     0     0     0     0     0     0]
12402 Loss :  1.0377138675191908
LOSS :  1.3763863853227067
[22962  2050     0     0     0     0     0     0     0     0]
12403 Loss :  1.0380554444239172
LOSS :  1.3772294336171769
[22880  2132     0     0     0     0     0     0     0     0]
12381 Loss :  1.0384062869185808
LOSS :  1.3779895327828362
[22817  2195     0     0     0     0     0     0     0     0]
12384 Loss :  1.038788753532136
LOSS :  1.378744568643841
[22730  2282     0     0     0     0     0     0     0     0]
12375 Loss :  1.0392212773625196
LOSS :  1.3795622018604654
[22656  2356     0     0     0     0     0     0     0     0]
12363 Loss :  1.0397178553144277
LOSS :  1.3804862329399532
[22578  2434     0     0     0     0     0     0     0     0]
12361 Loss :  1.0402876060233437
LOSS :  1.381540293025325
[22519  2493     0     0     0     0     0     0     0     0]
12374 Loss :  1.0409351167056404
LOSS :  1.3827344109603112
[22436  2575     2     0     0     0     0     0     0     0]
12356 Loss :  1.0416614262229178
LOSS :  1.3840702444608208
[22359  2652     2     0     0     0     0     0     0     0]
12358 Loss :  1.0424652271672066
LOSS :  1.3855445481899267
[22283  2728     2     0     0     0     0     0     0     0]
12340 Loss :  1.0433439667062205
LOSS :  1.3871513138374973
[22211  2800     2     0     0     0     0     0     0     0]
12340 Loss :  1.0442946979035546
LOSS :  1.3888830088641984
[22115  2896     2     0     0     0     0     0     0     0]
12335 Loss :  1.0453146481117717
LOSS :  1.390731216623845
[22036  2974     3     0     0     0     0     0     0     0]
12321 Loss :  1.046401522850465
LOSS :  1.3926869007792382
[21971  3039     3     0     0     0     0     0     0     0]
12304 Loss :  1.047553582848112
LOSS :  1.39474047360585
[21908  3102     3     0     0     0     0     0     0     0]
12297 Loss :  1.048769541197183
LOSS :  1.3968818142360524
[21841  3169     3     0     0     0     0     0     0     0]
12293 Loss :  1.050048335329396
LOSS :  1.399100343310783
[21773  3237     3     0     0     0     0     0     0     0]
12291 Loss :  1.051388834626249
LOSS :  1.4013852108702602
[21693  3317     3     0     0     0     0     0     0     0]
12299 Loss :  1.0527895457460221
LOSS :  1.4037256005896128
[21612  3397     4     0     0     0     0     0     0     0]
12300 Loss :  1.0542483717771094
LOSS :  1.4061111085186904
[21526  3483     4     0     0     0     0     0     0     0]
12270 Loss :  1.0557624684004157
LOSS :  1.4085321313540005
[21451  3558     4     0     0     0     0     0     0     0]
12262 Loss :  1.057328222728351
LOSS :  1.410980202547623
[21388  3621     4     0     0     0     0     0     0     0]
12259 Loss :  1.0589413606656288
LOSS :  1.413448236387695
[21319  3688     6     0     0     0     0     0     0     0]
12252 Loss :  1.0605971676025454
LOSS :  1.4159306654849146
[21256  3751     6     0     0     0     0     0     0     0]
12259 Loss :  1.0622907865595652
LOSS :  1.4184234742751327
[21187  3818     8     0     0     0     0     0     0     0]
12260 Loss :  1.0640175419428985
LOSS :  1.4209241386757308
[21137  3868     8     0     0     0     0     0     0     0]
12265 Loss :  1.0657732323052025
LOSS :  1.423431485553418
[21075  3930     8     0     0     0     0     0     0     0]
12272 Loss :  1.0675543458888503
LOSS :  1.4259454901274236
[21028  3977     8     0     0     0     0     0     0     0]
12269 Loss :  1.069358175492527
LOSS :  1.4284670347219575
[20980  4025     8     0     0     0     0     0     0     0]
12266 Loss :  1.0711828354878081
LOSS :  1.430997655116862
[20905  4099     9     0     0     0     0     0     0     0]
12252 Loss :  1.0730272038842885
LOSS :  1.4335392989102949
[20844  4160     9     0     0     0     0     0     0     0]
12248 Loss :  1.0748908208822707
LOSS :  1.4360941145125867
[20781  4221    11     0     0     0     0     0     0     0]
12256 Loss :  1.0767737730486768
LOSS :  1.4386642821040894
[20714  4288    11     0     0     0     0     0     0     0]
12253 Loss :  1.078676583646874
LOSS :  1.4412518913443446
[20654  4348    11     0     0     0     0     0     0     0]
12247 Loss :  1.0806001197997699
LOSS :  1.4438588658274643
[20589  4412    12     0     0     0     0     0     0     0]
12235 Loss :  1.0825455193893654
LOSS :  1.4464869312097162
[20535  4466    12     0     0     0     0     0     0     0]
12228 Loss :  1.0845141359752832
LOSS :  1.4491376221067669
[20484  4517    12     0     0     0     0     0     0     0]
12210 Loss :  1.0865074980399128
LOSS :  1.4518123217331445
[20421  4580    12     0     0     0     0     0     0     0]
12201 Loss :  1.0885272784031057
LOSS :  1.4545123273578273
[20344  4656    13     0     0     0     0     0     0     0]
12193 Loss :  1.0905752696705766
LOSS :  1.457238933563954
[20271  4729    13     0     0     0     0     0     0     0]
12196 Loss :  1.092653361530319
LOSS :  1.4599935237472037
[20199  4801    13     0     0     0     0     0     0     0]
12188 Loss :  1.0947635155531834
LOSS :  1.4627776582875454
[20120  4879    14     0     0     0     0     0     0     0]
12192 Loss :  1.0969077332494102
LOSS :  1.465593145886406
[20056  4942    15     0     0     0     0     0     0     0]
12183 Loss :  1.0990880140340071
LOSS :  1.468442083709382
[19978  5018    17     0     0     0     0     0     0     0]
12179 Loss :  1.1013063019248208
LOSS :  1.4713268535519421
[19915  5081    17     0     0     0     0     0     0     0]
12168 Loss :  1.1035644232900599
LOSS :  1.4742500663416545
[19837  5156    20     0     0     0     0     0     0     0]
12164 Loss :  1.1058640221407028
LOSS :  1.4772144559898082
[19755  5236    22     0     0     0     0     0     0     0]
12151 Loss :  1.1082065029749804
LOSS :  1.4802227343976875
[19691  5299    23     0     0     0     0     0     0     0]
12154 Loss :  1.1105929923742692
LOSS :  1.4832774292780193
[19618  5371    24     0     0     0     0     0     0     0]
12145 Loss :  1.1130243282977483
LOSS :  1.4863807318455937
[19547  5442    24     0     0     0     0     0     0     0]
12153 Loss :  1.1155010805522079
LOSS :  1.4895343800035428
[19480  5508    25     0     0     0     0     0     0     0]
12134 Loss :  1.1180235989856897
LOSS :  1.4927395945644149
[19416  5571    26     0     0     0     0     0     0     0]
12131 Loss :  1.1205920801065066
LOSS :  1.4959970740687545
[19349  5637    27     0     0     0     0     0     0     0]
12114 Loss :  1.1232066400647214
LOSS :  1.4993070419372634
[19289  5693    31     0     0     0     0     0     0     0]
12095 Loss :  1.1258673827478454
LOSS :  1.5026693314101442
[19223  5757    33     0     0     0     0     0     0     0]
12097 Loss :  1.1285744551211143
LOSS :  1.5060834904504339
[19163  5812    38     0     0     0     0     0     0     0]
12089 Loss :  1.1313280861707762
LOSS :  1.5095488899741034
[19097  5877    39     0     0     0     0     0     0     0]
12073 Loss :  1.1341286094186245
LOSS :  1.513064822710472
[19035  5938    40     0     0     0     0     0     0     0]
12076 Loss :  1.136976471250233
LOSS :  1.516630584837322
[18964  6008    41     0     0     0     0     0     0     0]
12072 Loss :  1.1398722282337783
LOSS :  1.5202455369283816
[18912  6060    41     0     0     0     0     0     0     0]
12080 Loss :  1.142816536586492
LOSS :  1.5239091440321255
[18832  6139    42     0     0     0     0     0     0     0]
12081 Loss :  1.145810136427809
LOSS :  1.52762099675172
[18787  6183    43     0     0     0     0     0     0     0]
12075 Loss :  1.148853832791714
LOSS :  1.5313808162080809
[18720  6248    45     0     0     0     0     0     0     0]
12056 Loss :  1.1519484747564082
LOSS :  1.5351884460436072
[18661  6305    47     0     0     0     0     0     0     0]
12054 Loss :  1.155094933569782
LOSS :  1.5390438344528194
[18598  6366    48     2     0     0     0     0     0     0]
12054 Loss :  1.15829408031602
LOSS :  1.5429470088329262
[18553  6407    51     3     0     0     0     0     0     0]
12047 Loss :  1.161546763460975
LOSS :  1.5468980451825187
[18496  6461    54     3     0     0     0     0     0     0]
12036 Loss :  1.1648537865006057
LOSS :  1.5508970339281571
[18418  6538    55     3     0     0     0     0     0     0]
12036 Loss :  1.16821588588748
LOSS :  1.5549440434704953
[18361  6594    56     3     0     0     0     0     0     0]
12046 Loss :  1.1716337094002018
LOSS :  1.5590390824325657
[18297  6658    56     3     0     0     0     0     0     0]
12031 Loss :  1.1751077951315168
LOSS :  1.5631820613705938
[18221  6733    57     3     0     0     0     0     0     0]
12015 Loss :  1.1786385512924655
LOSS :  1.5673727545790348
[18140  6810    60     4     0     0     0     0     0     0]
11998 Loss :  1.1822262370598975
LOSS :  1.571610762596885
[18067  6879    64     4     0     0     0     0     0     0]
11990 Loss :  1.185870944738009
LOSS :  1.5758954761144046
[18015  6928    67     4     0     0     0     0     0     0]
11996 Loss :  1.1895725835721354
LOSS :  1.5802260421966747
[17941  6999    69     5     0     0     0     0     0     0]
11977 Loss :  1.1933308656568282
LOSS :  1.5846013340746379
[17878  7058    73     5     0     0     0     0     0     0]
11962 Loss :  1.1971452945274303
LOSS :  1.5890199261671478
[17810  7124    75     5     0     0     0     0     0     0]
11957 Loss :  1.2010151572086722
LOSS :  1.5934800764088461
[17740  7192    77     5     0     0     0     0     0     0]
11948 Loss :  1.2049395206883238
LOSS :  1.5979797182453819
[17675  7254    80     5     0     0     0     0     0     0]
11944 Loss :  1.208917233936856
LOSS :  1.6025164646684988
[17596  7330    83     5     0     0     0     0     0     0]
11935 Loss :  1.2129469366330514
LOSS :  1.6070876262551617
[17552  7372    85     5     0     0     0     0     0     0]
11926 Loss :  1.2170270756013968
LOSS :  1.6116902442618433
[17479  7440    88     7     0     0     0     0     0     0]
11902 Loss :  1.2211559295590708
LOSS :  1.616321138433953
[17407  7506    94     7     0     0     0     0     0     0]
11895 Loss :  1.2253316420945854
LOSS :  1.6209769674936334
[17332  7575   100     7     0     0     0     0     0     0]
11890 Loss :  1.2295522619139476
LOSS :  1.6256542985781215
[17269  7634   103     8     0     0     0     0     0     0]
11880 Loss :  1.2338157884267316
LOSS :  1.6303496806073365
[17194  7702   109     9     0     0     0     0     0     0]
11888 Loss :  1.2381202198906285
LOSS :  1.6350597160346516
[17118  7772   113    11     0     0     0     0     0     0]
11881 Loss :  1.2424636007808725
LOSS :  1.6397811259191357
[17058  7829   116    11     0     0     0     0     0     0]
11869 Loss :  1.24684406493798
LOSS :  1.644510804778887
[16987  7895   121    11     0     0     0     0     0     0]
11864 Loss :  1.2512598714094052
LOSS :  1.6516400662617325
[16930  7949   124    11     0     0     0     0     0     0]
11870 Loss :  1.2557094306606797
LOSS :  1.6607841237667529
[16864  8010   129    11     0     0     0     0     0     0]
11877 Loss :  1.2601913198294101
LOSS :  1.670004063744972
[16799  8075   129    11     0     0     0     0     0     0]
11872 Loss :  1.2647042867481557
LOSS :  1.6792997372608096
[16732  8138   133    11     0     0     0     0     0     0]
11854 Loss :  1.269247243422453
LOSS :  1.688671052991777
[16678  8184   138    14     0     0     0     0     0     0]
11835 Loss :  1.2738192504347745
LOSS :  1.6981178844113187
[16607  8248   144    15     0     0     0     0     0     0]
11834 Loss :  1.2784194943237641
LOSS :  1.707639959677377
[16528  8321   149    16     0     0     0     0     0     0]
11851 Loss :  1.283047260348662
LOSS :  1.7172367366938466
[16455  8386   156    17     0     0     0     0     0     0]
11835 Loss :  1.2877019031703953
LOSS :  1.726907267537042
[16380  8456   159    19     0     0     0     0     0     0]
11830 Loss :  1.2923828178313874
LOSS :  1.7366500592891083
[16304  8525   163    22     0     0     0     0     0     0]
11828 Loss :  1.2970894129738733
LOSS :  1.7464629422389615
[16232  8593   165    24     0     0     0     0     0     0]
11835 Loss :  1.3018210875187004
LOSS :  1.7563429607473708
[16165  8659   166    24     0     0     0     0     0     0]
11826 Loss :  1.306577211119175
LOSS :  1.7662863054265217
[16095  8724   169    26     0     0     0     0     0     0]
11815 Loss :  1.3113571077887762
LOSS :  1.7762883056484389
[16020  8797   170    27     0     0     0     0     0     0]
11815 Loss :  1.3161600414576367
LOSS :  1.786343496775068
[15958  8852   175    29     0     0     0     0     0     0]
11798 Loss :  1.3209852021572375
LOSS :  1.7964457659932844
[15888  8919   176    31     0     0     0     0     0     0]
11777 Loss :  1.3258316922618227
LOSS :  1.8065885655504195
[15793  9005   181    35     0     0     0     0     0     0]
11774 Loss :  1.3306985136063123
LOSS :  1.8167651664074032
[15730  9063   185    36     0     0     0     0     0     0]
11775 Loss :  1.3355845578288015
LOSS :  1.826968914257496
[15686  9105   187    36     0     0     0     0     0     0]
11784 Loss :  1.3404886032001835
LOSS :  1.8371934480681085
[15625  9160   192    37     0     0     0     0     0     0]
11765 Loss :  1.345409320933736
LOSS :  1.8474328501366375
[15574  9202   197    41     0     0     0     0     0     0]
11747 Loss :  1.3503452925016441
LOSS :  1.8576817133520078
[15501  9270   200    43     0     0     0     0     0     0]
11737 Loss :  1.3552950374538133
LOSS :  1.8679351303344445
[15453  9312   204    45     0     0     0     0     0     0]
11735 Loss :  1.3602570496847481
LOSS :  1.878188624513606
[15400  9363   205    46     0     0     0     0     0     0]
11727 Loss :  1.3652298400962268
LOSS :  1.8884380510520287
[15338  9418   212    46     0     0     0     0     0     0]
11730 Loss :  1.3702119856497055
LOSS :  1.8986794946716188
[15282  9467   218    47     0     0     0     0     0     0]
11722 Loss :  1.3752021880056595
LOSS :  1.908909183180773
[15230  9517   219    48     0     0     0     0     0     0]
11725 Loss :  1.3801993467710858
LOSS :  1.9191234227198732
[15168  9575   221    50     0     0     0     0     0     0]
11715 Loss :  1.385202649969672
LOSS :  1.9293185471312824
[15118  9623   221    52     0     0     0     0     0     0]
11715 Loss :  1.3902116770261996
LOSS :  1.9394908631254193
[15054  9686   220    54     0     0     0     0     0     0]
11711 Loss :  1.3952265001246038
LOSS :  1.9496365679105958
[14987  9747   224    56     0     0     0     0     0     0]
11708 Loss :  1.4002477631843737
LOSS :  1.959751617882423
[14933  9799   226    56     0     0     0     0     0     0]
11715 Loss :  1.405276717937719
LOSS :  1.969831535152097
[14875  9850   230    59     0     0     0     0     0     0]
11710 Loss :  1.4103152044668679
LOSS :  1.9798711512506362
[14851  9870   234    59     0     0     0     0     0     0]
11700 Loss :  1.4153655762568904
LOSS :  1.9898643024558
[14815  9900   238    61     0     0     0     0     0     0]
11696 Loss :  1.4204305823505126
LOSS :  1.999803508069007
[14781  9930   241    62     0     0     0     0     0     0]
11697 Loss :  1.425513226566483
LOSS :  2.009679681705326
[14725  9977   247    65     0     0     0     0     0     0]
11696 Loss :  1.4306166229036257
LOSS :  2.019481945504995
[14671 10025   251    67     0     0     0     0     0     0]
11695 Loss :  1.4357438575933075
LOSS :  2.029197633702683
[14619 10067   256    72     0     0     0     0     0     0]
11692 Loss :  1.4408978563682036
LOSS :  2.0388125743729635
[14586 10090   263    75     0     0     0     0     0     0]
11679 Loss :  1.4460812473514901
LOSS :  2.0483117093395338
[14552 10118   267    77     0     0     0     0     0     0]
11687 Loss :  1.4512962097787765
LOSS :  2.057680036079395
[14522 10144   270    78     0     0     0     0     0     0]
11678 Loss :  1.4565443043565365
LOSS :  2.0669037335456513
[14486 10173   274    81     0     0     0     0     0     0]
11673 Loss :  1.4618262873136827
LOSS :  2.0759712051108123
[14460 10199   274    81     0     0     0     0     0     0]
11659 Loss :  1.4671419160132666
LOSS :  2.084873714154836
[14406 10247   280    81     0     0     0     0     0     0]
11664 Loss :  1.4724897632092846
LOSS :  2.093605378355171
[14374 10273   285    82     0     0     0     0     0     0]
11651 Loss :  1.4778670724740337
LOSS :  2.1021625328288063
[14353 10289   289    83     0     0     0     0     0     0]
11656 Loss :  1.4832697050520793
LOSS :  2.110542761983969
[14330 10305   293    86     0     0     0     0     0     0]
11642 Loss :  1.4886922371682996
LOSS :  2.118744065202834
[14293 10337   297    87     0     0     0     0     0     0]
11631 Loss :  1.4941282532183917
LOSS :  2.126764552879947
[14252 10366   305    91     0     0     0     0     0     0]
11621 Loss :  1.4995708381215493
LOSS :  2.134602805044903
[14217 10396   307    94     0     0     0     0     0     0]
11621 Loss :  1.5050132109404204
LOSS :  2.142258720373482
[14188 10421   310    95     0     0     0     0     0     0]
11626 Loss :  1.5104493865147404
LOSS :  2.149734497570719
[14148 10452   314   100     0     0     0     0     0     0]
11619 Loss :  1.5158747302018662
LOSS :  2.157035389141913
[14118 10476   318   102     0     0     0     0     0     0]
11611 Loss :  1.5212862967368541
LOSS :  2.164170006822532
[14096 10490   323   105     0     0     0     0     0     0]
11608 Loss :  1.5266829079424649
LOSS :  2.1711501415483347
[14068 10514   329   103     0     0     0     0     0     0]
11605 Loss :  1.5320649973836327
LOSS :  2.1779902038443257
[14039 10537   336   102     0     0     0     0     0     0]
11597 Loss :  1.5374343032382678
LOSS :  2.184706455359038
[14018 10552   341   103     0     0     0     0     0     0]
11587 Loss :  1.5427935081754798
LOSS :  2.194114808677316
[14002 10568   340   104     0     0     0     0     0     0]
11577 Loss :  1.5481459084859852
LOSS :  2.206280865907885
[13975 10591   342   106     0     0     0     0     0     0]
11581 Loss :  1.5534951533549446
LOSS :  2.2184971035979446
[13943 10616   348   107     0     0     0     0     0     0]
11571 Loss :  1.5588450476436209
LOSS :  2.230771497825362
[13915 10637   354   108     0     0     0     0     0     0]
11561 Loss :  1.564199395637081
LOSS :  2.2431120010790573
[13886 10658   360   110     0     0     0     0     0     0]
11548 Loss :  1.5695618921643353
LOSS :  2.255526284191592
[13855 10680   368   111     0     0     0     0     0     0]
11533 Loss :  1.5749360762748033
LOSS :  2.268021540890737
[13830 10701   371   112     0     0     0     0     0     0]
11529 Loss :  1.5803253062265443
LOSS :  2.280604327804971
[13799 10721   376   118     0     0     0     0     0     0]
11516 Loss :  1.5857326804852105
LOSS :  2.293280410831348
[13791 10727   377   119     0     0     0     0     0     0]
11519 Loss :  1.591160894852831
LOSS :  2.3060545877241596
[13778 10735   381   120     0     0     0     0     0     0]
11523 Loss :  1.5966121114855598
LOSS :  2.318930454736271
[13751 10754   388   121     0     0     0     0     0     0]
11518 Loss :  1.6020879236905288
LOSS :  2.3319100808249695
[13727 10770   395   122     0     0     0     0     0     0]
11523 Loss :  1.6075894389314656
LOSS :  2.3449935455298014
[13713 10781   398   122     0     0     0     0     0     0]
11528 Loss :  1.6131174268897182
LOSS :  2.3581782861125706
[13707 10783   400   124     0     0     0     0     0     0]
11522 Loss :  1.6186724569587105
LOSS :  2.3714581874719993
[13696 10790   403   125     0     0     0     0     0     0]
11515 Loss :  1.6242550143592072
LOSS :  2.384822339822657
[13683 10797   407   127     0     0     0     0     0     0]
11517 Loss :  1.6298656445187008
LOSS :  2.3982533968613557
[13677 10797   413   127     0     0     0     0     0     0]
11508 Loss :  1.6355051201235618
LOSS :  2.4117255182886903
[13674 10799   413   128     0     0     0     0     0     0]
11491 Loss :  1.6411745294522966
LOSS :  2.4252020250213677
[13665 10808   414   127     0     0     0     0     0     0]
11496 Loss :  1.6468752159095161
LOSS :  2.438633205638342
[13665 10807   415   127     0     0     0     0     0     0]
11512 Loss :  1.652608643911025
LOSS :  2.4519552437990253
[13674 10793   419   128     0     0     0     0     0     0]
11504 Loss :  1.658376355116791
LOSS :  2.465091892374956
[13669 10793   422   130     0     0     0     0     0     0]
11497 Loss :  1.664180137580109
LOSS :  2.4779608150208072
[13677 10779   427   131     0     0     0     0     0     0]
11497 Loss :  1.6700223861176806
LOSS :  2.4904854983236278
[13682 10775   427   130     0     0     0     0     0     0]
11511 Loss :  1.6759064318065229
LOSS :  2.502610650608422
[13683 10772   427   132     0     0     0     0     0     0]
11514 Loss :  1.681836555472776
LOSS :  2.5143153809098906
[13679 10773   429   133     0     0     0     0     0     0]
11504 Loss :  1.6878176074891464
LOSS :  2.525617782748407
[13681 10764   433   136     0     0     0     0     0     0]
11506 Loss :  1.693854387079935
LOSS :  2.5365688591620494
[13687 10758   434   135     0     0     0     0     0     0]
11510 Loss :  1.6999510114918408
LOSS :  2.547239702206453
[13693 10748   437   136     0     0     0     0     0     0]
11516 Loss :  1.7061105358153552
LOSS :  2.557708210014309
[13700 10740   438   136     0     0     0     0     0     0]
11517 Loss :  1.712335095731904
LOSS :  2.568049507380819
[13719 10717   439   139     0     0     0     0     0     0]
11516 Loss :  1.7186266597968807
LOSS :  2.5783308804752307
[13736 10691   446   141     0     0     0     0     0     0]
11505 Loss :  1.7249879122065042
LOSS :  2.5886100893601043
[13754 10669   449   142     0     0     0     0     0     0]
11506 Loss :  1.7314224495630872
LOSS :  2.5989355921116215
[13762 10654   454   144     0     0     0     0     0     0]
11494 Loss :  1.7379342185076279
LOSS :  2.609347620330478
[13780 10634   457   143     0     0     0     0     0     0]
11497 Loss :  1.744526849539465
LOSS :  2.6198795183260852
[13808 10605   457   144     0     0     0     0     0     0]
11493 Loss :  1.7512032060564595
LOSS :  2.6305590749157104
[13839 10575   458   142     0     0     0     0     0     0]
11491 Loss :  1.7579650307713792
LOSS :  2.6414097454603955
[13860 10556   458   140     0     0     0     0     0     0]
11504 Loss :  1.764812655679686
LOSS :  2.65245174035274
[13897 10518   460   139     0     0     0     0     0     0]
11503 Loss :  1.7717449975130215
LOSS :  2.6642527724406158
[13911 10499   464   140     0     0     0     0     0     0]
11497 Loss :  1.7787600972092954
LOSS :  2.67854884734321
[13936 10470   467   141     0     0     0     0     0     0]
11497 Loss :  1.7858561955143346
LOSS :  2.693065355082613
[13962 10446   466   140     0     0     0     0     0     0]
11495 Loss :  1.7930330510844616
LOSS :  2.707825218121288
[13992 10412   470   140     0     0     0     0     0     0]
11493 Loss :  1.8002930529767116
LOSS :  2.722852314121995
[14011 10389   473   141     0     0     0     0     0     0]
11485 Loss :  1.8076413969068428
LOSS :  2.738173706943802
[14028 10368   474   144     0     0     0     0     0     0]
11482 Loss :  1.815085226422886
LOSS :  2.7538214169786546
[14061 10333   480   140     0     0     0     0     0     0]
11484 Loss :  1.8226331653345302
LOSS :  2.769833489818301
[14094 10299   480   141     0     0     0     0     0     0]
11475 Loss :  1.8302954188041964
LOSS :  2.7862541493680824
[14124 10268   481   141     0     0     0     0     0     0]
11474 Loss :  1.8380829622559829
LOSS :  2.8031329071441293
[14144 10244   485   141     0     0     0     0     0     0]
11481 Loss :  1.8460066143309264
LOSS :  2.820522604976771
[14159 10227   486   142     0     0     0     0     0     0]
11485 Loss :  1.8540774047440538
LOSS :  2.838476414144572
[14183 10198   489   144     0     0     0     0     0     0]
11487 Loss :  1.8623073554931455
LOSS :  2.8570437146725887
[14198 10183   488   145     0     0     0     0     0     0]
11489 Loss :  1.8707096355556345
LOSS :  2.8762644688605836
[14220 10163   486   145     0     0     0     0     0     0]
11489 Loss :  1.87929832394091
LOSS :  2.896161136951584
[14230 10146   491   147     0     0     0     0     0     0]
11478 Loss :  1.8880884406725462
LOSS :  2.9167263351408668
[14243 10128   496   147     0     0     0     0     0     0]
11490 Loss :  1.8970970639272813
LOSS :  2.937903429375578
[14256 10110   499   149     0     0     0     0     0     0]
11490 Loss :  1.906345351497616
LOSS :  2.959556953171479
[14282 10089   493   150     0     0     0     0     0     0]
11483 Loss :  1.9158583930019306
LOSS :  2.9814334639694056
[14298 10072   493   151     0     0     0     0     0     0]
11484 Loss :  1.9256608381208813
LOSS :  3.003129233464342
[14307 10059   495   153     0     0     0     0     0     0]
11477 Loss :  1.9357728921051454
LOSS :  3.024112891452922
[14292 10069   498   155     0     0     0     0     0     0]
11477 Loss :  1.946207941865792
LOSS :  3.0438543769058453
[14293 10063   503   155     0     0     0     0     0     0]
11484 Loss :  1.9569651640444679
LOSS :  3.0619962183728346
[14262 10086   512   154     0     0     0     0     0     0]
11478 Loss :  1.9680143078947434
LOSS :  3.078385876271992
[14245 10100   517   152     0     0     0     0     0     0]
11473 Loss :  1.9792777211378243
LOSS :  3.092950237716893
[14222 10119   521   152     0     0     0     0     0     0]
11469 Loss :  1.9906213111925954
LOSS :  3.10560081172171
[14204 10133   522   155     0     0     0     0     0     0]
11461 Loss :  2.0018631853846576
LOSS :  3.1162704589085433
[14177 10155   526   156     0     0     0     0     0     0]
11461 Loss :  2.0127999456168135
LOSS :  3.1250049155068678
[14168 10160   528   158     0     0     0     0     0     0]
11460 Loss :  2.0232473742383514
LOSS :  3.1383260741598638
[14150 10180   528   156     0     0     0     0     0     0]
11454 Loss :  2.033082622426455
LOSS :  3.1574461647540684
[14143 10191   523   157     0     0     0     0     0     0]
11469 Loss :  2.0422665067837116
LOSS :  3.1743086324146286
[14116 10214   524   160     0     0     0     0     0     0]
11461 Loss :  2.050836113684258
LOSS :  3.1889547635435895
[14105 10224   525   160     0     0     0     0     0     0]
11465 Loss :  2.0588757669590594
LOSS :  3.201880299893139
[14071 10250   529   164     0     0     0     0     0     0]
11456 Loss :  2.0664840697158886
LOSS :  3.213721753487688
[14042 10275   530   167     0     0     0     0     0     0]
11457 Loss :  2.073752154547635
LOSS :  3.225005187991334
[14007 10304   530   173     0     0     0     0     0     0]
11447 Loss :  2.080756466381673
LOSS :  3.236077967017372
[13981 10322   537   174     0     0     0     0     0     0]
11454 Loss :  2.0875603501375948
LOSS :  3.2471484819275735
[13941 10352   544   177     0     0     0     0     0     0]
11430 Loss :  2.0942177660979304
LOSS :  3.258344762583361
[13915 10375   548   176     0     0     0     0     0     0]
11423 Loss :  2.10077812263089
LOSS :  3.2697571516539763
[13895 10392   550   177     0     0     0     0     0     0]
11424 Loss :  2.107292291857465
LOSS :  3.2814622734015924
[13877 10400   556   181     0     0     0     0     0     0]
11428 Loss :  2.1138125361123756
LOSS :  3.29353256601485
[13842 10432   558   182     0     0     0     0     0     0]
11406 Loss :  2.120386393455523
LOSS :  3.313488018542845
[13820 10447   565   182     0     0     0     0     0     0]
11393 Loss :  2.1270540303984746
LOSS :  3.3325223552729466
[13802 10458   571   183     0     0     0     0     0     0]
11381 Loss :  2.133846176815353
LOSS :  3.3481990528570353
[13771 10475   582   186     0     0     0     0     0     0]
11356 Loss :  2.140779171684691
LOSS :  3.360788974528966
[13755 10493   582   184     0     0     0     0     0     0]
11333 Loss :  2.1478532701351867
LOSS :  3.3710286208507045
[13736 10501   589   188     0     0     0     0     0     0]
11335 Loss :  2.1550556160299266
LOSS :  3.3798035979222094
[13706 10526   593   189     0     0     0     0     0     0]
11333 Loss :  2.162365853011593
LOSS :  3.3912653089616276
[13690 10542   591   191     0     0     0     0     0     0]
11315 Loss :  2.1697644855429354
LOSS :  3.409191259657581
[13671 10558   593   192     0     0     0     0     0     0]
11311 Loss :  2.177243140233629
LOSS :  3.431136693280637
[13667 10555   599   193     0     0     0     0     0     0]
11310 Loss :  2.184807140172781
LOSS :  3.453954954029972
[13648 10571   599   196     0     0     0     0     0     0]
11293 Loss :  2.192474021727565
LOSS :  3.4777211932537284
[13633 10576   603   202     0     0     0     0     0     0]
11273 Loss :  2.200285387495443
LOSS :  3.502478360715747
[13629 10566   610   209     0     0     0     0     0     0]
11268 Loss :  2.2082846304974306
LOSS :  3.528236928708462
[13646 10550   608   210     0     0     0     0     0     0]
11268 Loss :  2.2164925344943893
LOSS :  3.554960383471895
[13674 10518   607   215     0     0     0     0     0     0]
11295 Loss :  2.2249186785695882
LOSS :  3.5825393696278987
[13700 10487   607   220     0     0     0     0     0     0]
11306 Loss :  2.233563022465866
LOSS :  3.610760236968098
[13724 10455   614   221     0     0     0     0     0     0]
11313 Loss :  2.242393576759493
LOSS :  3.6392871228772874
[13800 10368   619   227     0     0     0     0     0     0]
11338 Loss :  2.2513404519841753
LOSS :  3.667690696747795
[13873 10286   622   233     0     0     0     0     0     0]
11328 Loss :  2.260310086294295
LOSS :  3.6955441616027387
[13934 10220   625   235     0     0     0     0     0     0]
11350 Loss :  2.2692049484788845
LOSS :  3.7225527937063116
[14009 10137   627   241     0     0     0     0     0     0]
11360 Loss :  2.2779455797427173
LOSS :  3.74863184808284
[14072 10072   627   243     0     0     0     0     0     0]
11363 Loss :  2.2864933964550884
LOSS :  3.773875153303511
[14163  9976   631   244     0     0     0     0     0     0]
11392 Loss :  2.294843483056355
LOSS :  3.798447494251745
[14252  9889   628   245     0     0     0     0     0     0]
11411 Loss :  2.302998233321989
LOSS :  3.8224765988071807
[14326  9801   636   251     0     0     0     0     0     0]
11409 Loss :  2.310958995154521
LOSS :  3.845986466261343
[14413  9710   635   256     0     0     0     0     0     0]
11438 Loss :  2.3187316609562014
LOSS :  3.868876740084021
[14501  9610   639   264     0     0     0     0     0     0]
11444 Loss :  2.326321868563196
LOSS :  3.8909490220206613
[14571  9529   643   271     0     0     0     0     0     0]
11446 Loss :  2.333721217688073
LOSS :  3.911980757780065
[14653  9444   641   276     0     0     0     0     0     0]
11456 Loss :  2.3409146393709155
LOSS :  3.931817825238467
[14738  9347   649   280     0     0     0     0     0     0]
11462 Loss :  2.3478927966307626
LOSS :  3.9504269390541578
[14794  9289   652   279     0     0     0     0     0     0]
11463 Loss :  2.3546536246306156
LOSS :  3.967880167160355
[14889  9193   654   278     0     0     0     0     0     0]
11470 Loss :  2.3611985965396256
LOSS :  3.984303102631444
[14956  9126   653   279     0     0     0     0     0     0]
11484 Loss :  2.367528175153733
LOSS :  3.99982829158195
[15024  9053   655   282     0     0     0     0     0     0]
11495 Loss :  2.3736454842178882
LOSS :  4.014572870897487
[15079  8994   657   284     0     0     0     0     0     0]
11514 Loss :  2.3795612915784146
LOSS :  4.02864181739586
[15121  8946   657   290     0     0     0     0     0     0]
11511 Loss :  2.3852862265120507
LOSS :  4.042143499938201
[15173  8886   659   296     0     0     0     0     0     0]
11502 Loss :  2.390821993609065
LOSS :  4.055196318221226
[15208  8844   661   301     0     0     0     0     0     0]
11496 Loss :  2.396164429672095
LOSS :  4.067916211376455
[15259  8788   666   301     0     0     0     0     0     0]
11493 Loss :  2.4012988267095774
LOSS :  4.080394152013998
[15301  8741   670   302     0     0     0     0     0     0]
11508 Loss :  2.406191472294279
LOSS :  4.092678915461792
[15312  8729   671   302     0     0     0     0     0     0]
11505 Loss :  2.410801610767637
LOSS :  4.104772224745044
[15351  8682   675   306     0     0     0     0     0     0]
11500 Loss :  2.415106437774311
LOSS :  4.116634549554498
[15349  8661   693   311     0     0     0     0     0     0]
11471 Loss :  2.4190876595454385
LOSS :  4.128198056079037
[15332  8673   691   318     0     0     0     0     0     0]
11480 Loss :  2.422720992138334
LOSS :  4.139386501144779
[15294  8699   698   323     0     0     0     0     0     0]
11472 Loss :  2.4259713477199107
LOSS :  4.150143641495178
[15237  8757   703   317     0     0     0     0     0     0]
11471 Loss :  2.4288045536082663
LOSS :  4.160467087599639
[15198  8792   703   321     0     0     0     0     0     0]
11456 Loss :  2.431225841163325
LOSS :  4.170435950040527
[15126  8856   708   324     0     0     0     0     0     0]
11429 Loss :  2.4333114548945094
LOSS :  4.180216486086973
[15037  8933   713   331     0     0     0     0     0     0]
11412 Loss :  2.435174295833906
LOSS :  4.190039280083775
[14963  9008   714   329     0     0     0     0     0     0]
11407 Loss :  2.436933420768077
LOSS :  4.200162298211961
[14902  9068   718   326     0     0     0     0     0     0]
11410 Loss :  2.4386928674193085
LOSS :  4.210843194362265
[14847  9115   724   328     0     0     0     0     0     0]
11384 Loss :  2.440521730777175
LOSS :  4.222327525427161
[14803  9148   736   327     0     0     0     0     0     0]
11365 Loss :  2.4424499143327627
LOSS :  4.234832038614569
[14812  9145   731   326     0     0     0     0     0     0]
11373 Loss :  2.4444764137879975
LOSS :  4.248476699418367
[14814  9134   738   328     0     0     0     0     0     0]
11376 Loss :  2.446571810926331
LOSS :  4.263120312929631
[14814  9125   743   332     0     0     0     0     0     0]
11366 Loss :  2.4487005491069453
LOSS :  4.278172099633972
[14817  9122   744   331     0     0     0     0     0     0]
11358 Loss :  2.4508616744656897
LOSS :  4.292665620723265
[14856  9081   747   330     0     0     0     0     0     0]
11373 Loss :  2.4531092493279294
LOSS :  4.305729778509517
[14927  9008   747   332     0     0     0     0     0     0]
11389 Loss :  2.455528247883877
LOSS :  4.317002139037136
[15002  8930   744   338     0     0     0     0     0     0]
11395 Loss :  2.4581525252029017
LOSS :  4.32656337176627
[15107  8826   747   334     0     0     0     0     0     0]
11394 Loss :  2.4609202965064103
LOSS :  4.334630707980347
[15206  8727   749   332     0     0     0     0     0     0]
11405 Loss :  2.463727667383709
LOSS :  4.341380307595655
[15322  8624   743   325     0     0     0     0     0     0]
11405 Loss :  2.466484063904474
LOSS :  4.346937366043858
[15435  8522   733   324     0     0     0     0     0     0]
11402 Loss :  2.4691278220449915
LOSS :  4.351421279445529
[15535  8429   727   323     0     0     0     0     0     0]
11413 Loss :  2.471624977415474
LOSS :  4.354981041020708
[15632  8335   727   320     0     0     0     0     0     0]
11426 Loss :  2.473964269660012
LOSS :  4.3578041555340175
[15765  8206   727   316     0     0     0     0     0     0]
11450 Loss :  2.4761513907114536
LOSS :  4.360101145400269
[15882  8099   722   311     0     0     0     0     0     0]
11452 Loss :  2.4782045245844917
LOSS :  4.362084516805422
[15956  8025   726   307     0     0     0     0     0     0]
11474 Loss :  2.480151007564473
LOSS :  4.363965284546312
[16062  7931   723   298     0     0     0     0     0     0]
11489 Loss :  2.482019334044658
LOSS :  4.365965738837958
[16133  7864   722   295     0     0     0     0     0     0]
11505 Loss :  2.4838296250618073
LOSS :  4.36831737288051
[16169  7838   714   293     0     0     0     0     0     0]
11504 Loss :  2.485607421433658
LOSS :  4.371212481103347
[16193  7820   712   289     0     0     0     0     0     0]
11515 Loss :  2.487415645123373
LOSS :  4.3747227801361666
[16210  7809   707   288     0     0     0     0     0     0]
11518 Loss :  2.489369732991612
LOSS :  4.378760969898696
[16221  7795   708   290     0     0     0     0     0     0]
11519 Loss :  2.491611037464535
LOSS :  4.38314111182084
[16240  7781   703   290     0     0     0     0     0     0]
11511 Loss :  2.49426287654779
LOSS :  4.387685589725993
[16268  7760   703   283     0     0     0     0     0     0]
11529 Loss :  2.4974042112467445
LOSS :  4.392286855579372
[16297  7741   692   284     0     0     0     0     0     0]
11544 Loss :  2.5010668638066775
LOSS :  4.396902149974176
[16338  7716   686   274     0     0     0     0     0     0]
11575 Loss :  2.505231593509671
LOSS :  4.40151956388201
[16361  7702   679   272     0     0     0     0     0     0]
11588 Loss :  2.509810749658609
LOSS :  4.406127341211247
[16406  7668   677   263     0     0     0     0     0     0]
11610 Loss :  2.514654644155015
LOSS :  4.410685774118803
[16435  7643   673   263     0     0     0     0     0     0]
11606 Loss :  2.5195852532206944
LOSS :  4.415094307795203
[16471  7614   669   260     0     0     0     0     0     0]
11636 Loss :  2.524418091166512
LOSS :  4.419178700887881
[16490  7605   664   255     0     0     0     0     0     0]
11638 Loss :  2.52902416569703
LOSS :  4.4227241643223545
[16512  7586   664   252     0     0     0     0     0     0]
11643 Loss :  2.533329638622544
LOSS :  4.42551729974677
[16511  7597   655   251     0     0     0     0     0     0]
11653 Loss :  2.537210534753486
LOSS :  4.427348256512018
[16494  7623   654   243     0     0     0     0     0     0]
11644 Loss :  2.5403329005042035
LOSS :  4.427969458899425
[16426  7692   653   243     0     0     0     0     0     0]
11625 Loss :  2.54196820010151
LOSS :  4.427026846732947
[16336  7789   647   242     0     0     0     0     0     0]
11622 Loss :  2.541297572117674
LOSS :  4.424055420601999
[16241  7891   642   240     0     0     0     0     0     0]
11619 Loss :  2.539362941198122
LOSS :  4.419030645934199
[16221  7927   631   235     0     0     0     0     0     0]
11622 Loss :  2.540564168858541
LOSS :  4.413895178119402
[16287  7864   630   233     0     0     0     0     0     0]
11637 Loss :  2.5474206025153494
LOSS :  4.411069130222713
[16414  7739   633   228     0     0     0     0     0     0]
11634 Loss :  2.5579411092195747
LOSS :  4.410851341106499
[16498  7664   632   220     0     0     0     0     0     0]
11632 Loss :  2.5701137963235756
LOSS :  4.412676467229029
[16534  7633   631   216     0     0     0     0     0     0]
11646 Loss :  2.5828960052506162
LOSS :  4.415954048273445
[16575  7595   631   213     0     0     0     0     0     0]
11650 Loss :  2.5959234362087438
LOSS :  4.419996651998544
[16605  7584   624   201     0     0     0     0     0     0]
11649 Loss :  2.6093803035858554
LOSS :  4.42364354272715
[16652  7545   624   193     0     0     0     0     0     0]
11655 Loss :  2.623417373848887
LOSS :  4.422438621920807
[16697  7508   626   183     0     0     0     0     0     0]
11663 Loss :  2.637858078116252
LOSS :  4.405288384568433
[16764  7433   632   185     0     0     0     0     0     0]
11673 Loss :  2.6523224316301133
LOSS :  4.3776319534119015
[16826  7373   630   185     0     0     0     0     0     0]
11674 Loss :  2.6664442676853204
LOSS :  4.347831191973492
[16900  7297   632   185     0     0     0     0     0     0]
11671 Loss :  2.680058537839387
LOSS :  4.318585454531369
[16986  7207   636   185     0     0     0     0     0     0]
11669 Loss :  2.693309866506151
LOSS :  4.291239838440015
[17084  7107   636   187     0     0     0     0     0     0]
11682 Loss :  2.706450167747957
LOSS :  4.266527337946672
[17186  7006   630   192     0     0     0     0     0     0]
11695 Loss :  2.7193018854835715
LOSS :  4.244874835205337
[17273  6911   635   195     0     0     0     0     0     0]
11698 Loss :  2.731309350735514
LOSS :  4.226315408902636
[17350  6824   643   197     0     0     0     0     0     0]
11691 Loss :  2.742101146158057
LOSS :  4.21043367212983
[17411  6761   646   196     0     0     0     0     0     0]
11684 Loss :  2.7516968137844997
LOSS :  4.196585488175855
[17476  6696   644   198     0     0     0     0     0     0]
11690 Loss :  2.7604171328457388
LOSS :  4.184177678088239
[17523  6644   650   197     0     0     0     0     0     0]
11699 Loss :  2.7688172712963524
LOSS :  4.172829511040543
[17594  6573   647   200     0     0     0     0     0     0]
11703 Loss :  2.77752894523989
LOSS :  4.163854222089543
[17641  6533   643   197     0     0     0     0     0     0]
11714 Loss :  2.786872103981482
LOSS :  4.183105559131687
[17677  6493   646   198     0     0     0     0     0     0]
11707 Loss :  2.7963980195724973
LOSS :  4.202340437860527
[17717  6444   651   202     0     0     0     0     0     0]
11716 Loss :  2.8049805994428856
LOSS :  4.220876875438808
[17745  6410   651   208     0     0     0     0     0     0]
11722 Loss :  2.8117180168468696
LOSS :  4.237979101081246
[17739  6402   661   212     0     0     0     0     0     0]
11697 Loss :  2.8163027750366223
LOSS :  4.2531325954707375
[17727  6415   664   208     0     0     0     0     0     0]
11691 Loss :  2.8191313646446794
LOSS :  4.2661796255012465
[17698  6437   670   209     0     0     0     0     0     0]
11686 Loss :  2.82126565778916
LOSS :  4.277327773844594
[17661  6462   675   216     0     0     0     0     0     0]
11678 Loss :  2.8239069641034966
LOSS :  4.287037041553474
[17652  6463   677   222     0     0     0     0     0     0]
11690 Loss :  2.82824441469497
LOSS :  4.295952411635614
[17675  6434   679   226     0     0     0     0     0     0]
11697 Loss :  2.8355728048039976
LOSS :  4.304930564970731
[17706  6391   688   229     0     0     0     0     0     0]
11681 Loss :  2.8466075081917173
LOSS :  4.31500244545781
[17756  6340   686   232     0     0     0     0     0     0]
11677 Loss :  2.860276250162486
LOSS :  4.327048539032119
[17776  6308   695   235     0     0     0     0     0     0]
11679 Loss :  2.87283608248244
LOSS :  4.340932476225473
[17714  6361   695   244     0     0     0     0     0     0]
11657 Loss :  2.879199118635427
LOSS :  4.354832915433987
[17604  6464   693   253     0     0     0     0     0     0]
11665 Loss :  2.878748020953612
LOSS :  4.366723465886772
[17448  6605   700   261     0     0     0     0     0     0]
11644 Loss :  2.8747585077944473
LOSS :  4.375951164494731
[17324  6732   700   258     0     0     0     0     0     0]
11643 Loss :  2.870345226264831
LOSS :  4.382960991750514
[17172  6877   700   265     0     0     0     0     0     0]
11606 Loss :  2.868084446805098
LOSS :  4.388755840051924
[17044  6997   701   272     0     0     0     0     0     0]
11600 Loss :  2.870278495026613
LOSS :  4.394620211211157
[16968  7066   699   281     0     0     0     0     0     0]
11612 Loss :  2.8787100940628267
LOSS :  4.401804872151419
[16964  7058   703   289     0     0     0     0     0     0]
11612 Loss :  2.8935081805545675
LOSS :  4.410915367475085
[16975  7038   709   292     0     0     0     0     0     0]
11600 Loss :  2.912125542401018
LOSS :  4.421438746260272
[16975  7035   710   294     0     0     0     0     0     0]
11583 Loss :  2.930694854621143
LOSS :  4.432221828145067
[16973  7041   700   300     0     0     0     0     0     0]
11590 Loss :  2.947145285786602
LOSS :  4.442505960089905
[16984  7029   698   303     0     0     0     0     0     0]
11587 Loss :  2.9613106447814355
LOSS :  4.452212917867584
[16987  7029   694   304     0     0     0     0     0     0]
11601 Loss :  2.9731279613442303
LOSS :  4.46164381388987
[16968  7032   705   309     0     0     0     0     0     0]
11587 Loss :  2.9825498523359117
LOSS :  4.471141286329177
[16981  7020   703   310     0     0     0     0     0     0]
11574 Loss :  2.990210397171117
LOSS :  4.480765910650221
[17011  6994   699   310     0     0     0     0     0     0]
11584 Loss :  2.9970519200126122
LOSS :  4.4899645453211035
[17028  6977   699   310     0     0     0     0     0     0]
11590 Loss :  3.0034064888934524
LOSS :  4.497524914664329
[17030  6966   701   317     0     0     0     0     0     0]
11588 Loss :  3.0086287439177197
LOSS :  4.502090257783003
[16996  6984   710   324     0     0     0     0     0     0]
11590 Loss :  3.011358416759021
LOSS :  4.502771726181043
[16942  7031   717   324     0     0     0     0     0     0]
11585 Loss :  3.010547245803167
LOSS :  4.519831043221847
[16841  7123   722   328     0     0     0     0     0     0]
11576 Loss :  3.0060552828858498
LOSS :  4.535391763057123
[16684  7263   736   331     0     0     0     0     0     0]
11593 Loss :  2.9971930558929807
LOSS :  4.5397649092798735
[16465  7465   750   334     0     0     0     0     0     0]
11566 Loss :  2.981507500037633
LOSS :  4.529681407294787
[16137  7779   763   335     0     0     0     0     0     0]
11551 Loss :  2.959021732041974
LOSS :  4.525734307639687
[15757  8156   773   328     0     0     0     0     0     0]
11535 Loss :  2.934550275123552
LOSS :  4.5328964752575365
[15366  8528   794   326     0     0     0     0     0     0]
11482 Loss :  2.912720209214758
LOSS :  4.531551032248992
[14910  8962   813   329     0     0     0     0     0     0]
11429 Loss :  2.895394522391579
LOSS :  4.549296997838773
[14358  9499   825   332     0     0     0     0     0     0]
11388 Loss :  2.886777575200144
LOSS :  4.566467310635707
[13724 10113   843   334     0     0     0     0     0     0]
11285 Loss :  2.894034582760648
LOSS :  4.579355183822821
[13243 10587   849   335     0     0     0     0     0     0]
11238 Loss :  2.9075915504994927
LOSS :  4.585397547804532
[13100 10721   857   336     0     0     0     0     0     0]
11234 Loss :  2.9061931938346905
LOSS :  4.583341456255013
[13217 10607   862   328     0     0     0     0     0     0]
11263 Loss :  2.8921709271810236
LOSS :  4.574880690505067
[13340 10492   868   314     0     0     0     0     0     0]
11282 Loss :  2.8791611596320568
LOSS :  4.56297293556209
[13315 10524   872   303     0     0     0     0     0     0]
11288 Loss :  2.876096076408261
LOSS :  4.552622958901644
[13079 10763   870   302     0     0     0     0     0     0]
11277 Loss :  2.884407169854489
LOSS :  4.546746005421719
[12659 11186   863   306     0     0     0     0     0     0]
11238 Loss :  2.9027893889193104
LOSS :  4.545264371930852
[12152 11688   869   305     0     0     0     0     0     0]
11199 Loss :  2.9309032660013483
LOSS :  4.546145315624408
[11565 12267   876   306     0     0     0     0     0     0]
11164 Loss :  2.9735546315948618
LOSS :  4.547918389451016
[10781 13051   879   303     0     0     0     0     0     0]
11124 Loss :  3.0378088666107335
LOSS :  4.55142000594037
[10015 13824   877   298     0     0     0     0     0     0]
11078 Loss :  3.1174434286818
LOSS :  4.557152594798748
[ 9377 14472   877   288     0     0     0     0     0     0]
11003 Loss :  3.199034042284584
LOSS :  4.562311888125446
[ 8965 14882   877   290     0     0     0     0     0     0]
10966 Loss :  3.271639892898221
LOSS :  4.567127305266081
[ 8914 14950   873   277     0     0     0     0     0     0]
10939 Loss :  3.3022250132343554
LOSS :  4.571977598559661
[ 9404 14480   875   255     0     0     0     0     0     0]
11047 Loss :  3.281445073025918
LOSS :  4.57645503648228
[10177 13721   870   246     0     0     0     0     0     0]
11106 Loss :  3.226997609551662
LOSS :  4.580180331830227
[10543 13373   861   237     0     0     0     0     0     0]
11118 Loss :  3.1976378019802865
LOSS :  4.5859334461873615
[10785 13141   854   234     0     0     0     0     0     0]
11152 Loss :  3.1708129101685008
LOSS :  4.593291253589001
