10	82.8556
20	82.9611
40	83.0222
50	83.0333
110	83.1722
120	83.4056
130	83.4667
150	83.55
180	83.6111
200	83.6278
210	83.6333
240	83.7056
270	83.75
280	83.7722
290	83.8
320	83.8667
360	83.9722
390	84.0333
440	84.0833
450	84.0833
460	84.0944
470	84.1222
500	84.1611
510	84.1778
530	84.2056
550	84.2111
560	84.2111
580	84.2389
600	84.2667
610	84.2722
620	84.35
630	84.4
680	84.5667
690	84.5889
700	84.6111
710	84.6222
720	84.6389
730	84.6778
750	84.7278
760	84.7444
820	84.7944
880	84.8889
910	84.9444
920	84.9444
930	84.9444
940	84.9444
950	84.95
960	84.9611
970	84.9944
980	84.9944
990	85
1000	85
1010	85.0167
1050	85.1056
1090	85.1944
1100	85.2
1110	85.2389
1120	85.2556
1130	85.2889
1150	85.3556
1160	85.3778
1180	85.4222
1190	85.4444
1200	85.4611
1210	85.4611
1230	85.4833
1240	85.4889
1270	85.5444
1280	85.5889
1290	85.5889
1340	85.65
1380	85.7056
1390	85.7056
1410	85.7611
1420	85.7667
1450	85.8556
1460	85.8778
1480	85.9
1490	85.9222
1530	85.9889
1560	86.0722
1570	86.0722
1590	86.0944
1600	86.1
1610	86.1
1620	86.1
1630	86.1
1650	86.15
1660	86.1556
1680	86.2056
1700	86.25
1720	86.2667
1730	86.2944
1740	86.3222
1760	86.3611
1780	86.4278
1790	86.4778
1800	86.5111
1810	86.5611
1830	86.6
1860	86.6167
1880	86.6778
1900	86.6944
1910	86.7056
1920	86.7333
1930	86.75
1940	86.7833
1950	86.8
1960	86.8056
1970	86.8167
1980	86.8167
2020	86.8778
2040	86.9
2050	86.9111
2090	86.9611
2100	86.9667
2110	86.9667
2130	86.9889
2140	87
2180	87.05
2210	87.0778
2240	87.1278
2250	87.1278
2270	87.1556
2290	87.1889
2300	87.2278
2310	87.2278
2320	87.2444
2360	87.3333
2370	87.3333
2390	87.3444
2400	87.3556
2430	87.3944
2450	87.4167
2460	87.4278
2480	87.4667
2490	87.4889
2500	87.5056
2510	87.5278
2520	87.5444
2530	87.5667
2540	87.5833
2560	87.6722
2570	87.7056
2580	87.7278
2590	87.7667
2610	87.8056
2640	87.8278
2650	87.8611
2680	87.9278
2710	87.9611
2720	88
2740	88.0556
2780	88.0889
2800	88.1
2820	88.1222
2830	88.1389
2860	88.2
2910	88.2667
2920	88.2722
2930	88.2778
2940	88.3056
2950	88.3278
2980	88.4333
3000	88.4778
3010	88.4944
3020	88.5167
3050	88.5778
3060	88.5833
3080	88.5944
3100	88.6167
3110	88.6333
3120	88.6611
3130	88.6722
3160	88.7278
3170	88.7611
3180	88.7722
3200	88.8
3220	88.8167
3260	88.8556
3270	88.8722
3290	88.8833
3310	88.9222
3340	88.9556
3350	88.9833
3360	89.0056
3390	89.1056
3430	89.25
3440	89.2778
3460	89.3556
3500	89.4556
3520	89.5
3560	89.6056
3590	89.65
3620	89.7389
3660	89.7889
3670	89.7889
3710	89.8167
3720	89.85
3740	89.9
3770	89.9278
3780	89.9444
3790	89.9667
3810	89.9944
3830	90.0167
3890	90.1833
3900	90.2111
3910	90.2222
3920	90.2389
3930	90.25
3950	90.2722
3970	90.2833
4000	90.3167
4030	90.3722
4050	90.4444
4060	90.4722
4090	90.5389
4130	90.6222
4160	90.6611
4170	90.6667
4190	90.6889
4200	90.6944
4210	90.7111
4230	90.7556
4290	90.9
4300	90.9167
4310	90.9611
4330	91
4340	91.0222
4350	91.0278
4380	91.1167
4420	91.1833
4450	91.2556
4470	91.3056
4500	91.3667
4510	91.3722
4520	91.3833
4530	91.3833
4550	91.4111
4560	91.4167
4570	91.4389
4580	91.4556
4590	91.4667
4610	91.5111
4640	91.5389
4660	91.5611
4700	91.6611
4740	91.6889
4760	91.7167
4770	91.7222
4790	91.7611
4810	91.8
4850	91.8944
4870	91.9111
4880	91.9278
4900	91.9444
4910	91.95
4950	91.9833
4970	92.0056
5000	92.0722
5030	92.1167
5050	92.1556
5070	92.1778
5090	92.1889
5100	92.2056
5120	92.2167
5130	92.2167
5140	92.2278
5150	92.2278
5160	92.2444
5170	92.2667
5190	92.2944
5230	92.3889
5240	92.4056
5260	92.45
5290	92.5222
5310	92.5556
5350	92.6389
5360	92.6556
5370	92.6722
5390	92.7333
5420	92.8111
5460	92.9111
5480	92.9444
5490	92.9722
5500	92.9833
5520	93.0167
5530	93.05
5570	93.1056
5590	93.1278
5620	93.1611
5640	93.1722
5660	93.2
5680	93.2111
5700	93.2389
5720	93.25
5740	93.2778
5780	93.3833
5790	93.3889
5800	93.4167
5810	93.4222
5820	93.4333
5830	93.4389
5860	93.4722
5870	93.4778
5880	93.4778
5890	93.4778
5900	93.4833
5910	93.4833
5920	93.4833
5940	93.5278
5980	93.6556
5990	93.6611
6010	93.6611
6030	93.6778
6040	93.6833
6050	93.6944
6070	93.7278
6090	93.7278
6110	93.7333
6120	93.7444
6130	93.75
6160	93.8333
6280	94.1667
6330	94.2667
6340	94.2889
6350	94.3222
6370	94.3444
6400	94.3833
6480	94.5611
6490	94.5667
6510	94.6278
6520	94.6611
6550	94.6833
6570	94.7111
6640	94.8722
6650	94.8778
6660	94.8944
6670	94.9
6710	94.9667
6740	95.0278
6790	95.1111
6810	95.1167
6820	95.1167
6870	95.1833
6880	95.1833
6890	95.1833
6940	95.2278
6950	95.25
6980	95.3167
6990	95.3167
7010	95.3333
7020	95.3389
7030	95.3722
7050	95.4111
7120	95.5944
7180	95.7389
7220	95.7944
7270	95.8778
7290	95.9111
7300	95.9389
7370	96.0833
7400	96.1611
7410	96.1833
7420	96.2056
7430	96.2333
7450	96.2667
7460	96.2833
7470	96.2944
7490	96.2944
7510	96.3111
7530	96.3333
7540	96.3611
7550	96.3722
7560	96.3778
7570	96.4
7580	96.4056
7590	96.4167
7610	96.45
7620	96.4556
7660	96.5167
7680	96.5278
7700	96.55
7720	96.5889
7730	96.6111
7750	96.6389
7790	96.7333
7800	96.7444
7820	96.7611
7840	96.7833
7850	96.8111
7860	96.8222
7880	96.8556
7900	96.9
7920	96.9667
7930	96.9833
7950	97.0111
7990	97.0833
8070	97.2889
8100	97.3222
8130	97.3889
8150	97.4333
8160	97.4389
8170	97.4556
8180	97.4778
8220	97.5556
8250	97.6222
8280	97.6611
8300	97.6944
8360	97.8444
8370	97.8611
8380	97.8722
8400	97.9278
8410	97.9444
8430	97.9778
8440	97.9889
8450	98.0111
8490	98.0833
8540	98.1611
8550	98.1722
8570	98.2056
8600	98.2556
8720	98.5778
8730	98.5944
8740	98.6167
8760	98.6556
8770	98.6889
8790	98.7222
8860	98.8722
8890	98.9556
8930	99.0167
9020	99.2056
9030	99.2222
9050	99.2556
9060	99.2667
9100	99.3611
9130	99.4111
9140	99.4389
9230	99.6611
9240	99.6722
9250	99.6833
9290	99.7778
9370	99.9056
9380	99.9222
9390	99.9333
9400	99.9389
9410	99.9389
9420	99.9389
9430	99.9389
9440	99.9389
